# timestamp tx ty tz qx qy qz qw
1654232877.50270796 -0.00000000 0.00000000 0.00000000 0.00000000 0.00000000 0.00000000 1.00000000
1654232890.03465009 2.12625717 0.04476994 -0.06631259 -0.00300189 -0.00161956 -0.00146372 0.99999311
1654232891.37040591 4.21331551 0.06051906 -0.12425256 -0.00567460 -0.00201367 -0.02187186 0.99974265
1654232892.30634809 6.35149763 -0.03987488 -0.21481999 -0.00711796 -0.00324064 -0.05545306 0.99843066
1654232892.97841501 8.34407714 -0.24602470 -0.25876817 -0.01037857 -0.00408975 -0.07405956 0.99719143
1654232893.53631592 10.37087745 -0.52795713 -0.32346048 -0.01024905 -0.00404797 -0.07888896 0.99682250
1654232894.12983704 12.64364324 -0.87778524 -0.39571254 -0.01011289 -0.00389122 -0.07767496 0.99691985
1654232894.63707590 14.84156309 -1.20846672 -0.46396979 -0.01043650 -0.00361093 -0.07291384 0.99727710
1654232895.03172207 16.91689673 -1.46218242 -0.52947843 -0.01008181 -0.00315500 -0.06643784 0.99773464
1654232895.46036792 19.06323052 -1.71749287 -0.60479592 -0.00981330 -0.00312199 -0.05870035 0.99822253
1654232895.87355900 21.33399110 -1.93432005 -0.69715981 -0.00873857 -0.00332980 -0.05070342 0.99866997
1654232896.29174805 23.68351137 -2.12304853 -0.78791605 -0.00729276 -0.00364557 -0.04193989 0.99908687
1654232896.70481801 26.09392750 -2.27240317 -0.88111889 -0.00658139 -0.00432028 -0.03437448 0.99937801
1654232897.12083197 28.53195910 -2.39653233 -0.95128295 -0.00712629 -0.00448783 -0.02890881 0.99954658
1654232897.53511310 30.99636623 -2.49669154 -1.03758594 -0.00736934 -0.00520961 -0.02819773 0.99956162
1654232897.86627102 32.99558633 -2.57243133 -1.10129737 -0.00695734 -0.00545312 -0.02800624 0.99956866
1654232898.19725299 35.02712654 -2.65489676 -1.17485554 -0.00598107 -0.00576839 -0.02852211 0.99955862
1654232898.53237200 37.05649451 -2.74656220 -1.24932700 -0.00528821 -0.00643482 -0.02851074 0.99955879
1654232898.86414909 39.12713705 -2.84474274 -1.31752588 -0.00509781 -0.00653685 -0.02937298 0.99953415
1654232899.19466805 41.20638395 -2.94301055 -1.38644556 -0.00459341 -0.00690873 -0.03086908 0.99948900
1654232899.53105903 43.27311521 -3.03589964 -1.43895821 -0.00432728 -0.00703644 -0.03648808 0.99929995
1654232899.86332107 45.34678191 -3.15382808 -1.46360945 -0.00300056 -0.00739670 -0.04214072 0.99907980
1654232900.19754410 47.42501338 -3.27688610 -1.47700159 -0.00224235 -0.00732033 -0.04808815 0.99881375
1654232900.53345609 49.54170572 -3.44063467 -1.51443235 -0.00151942 -0.00727606 -0.05294858 0.99856958
1654232900.86258888 51.67530774 -3.63453125 -1.55616540 -0.00156913 -0.00698643 -0.05772264 0.99830698
1654232901.19797492 53.82213529 -3.85304937 -1.61502285 -0.00177449 -0.00814259 -0.06177558 0.99805527
1654232901.52874804 55.98529951 -4.09064744 -1.67109064 -0.00265797 -0.00879105 -0.06524527 0.99782699
1654232901.86024690 58.13609338 -4.32187567 -1.68886743 -0.00745112 -0.00926954 -0.06960937 0.99750343
1654232902.19141603 60.33918220 -4.58053864 -1.72645657 -0.00977846 -0.01006669 -0.07316913 0.99722080
1654232902.52385592 62.59622666 -4.86656355 -1.77875745 -0.01026028 -0.01035767 -0.07482606 0.99709002
1654232902.85885191 64.85818312 -5.15425436 -1.86930686 -0.00843800 -0.01088260 -0.07985462 0.99671140
1654232903.19530892 67.37445850 -5.44506023 -1.86731514 -0.00804465 -0.01146287 -0.08799893 0.99602213
1654232903.52787089 69.77545161 -5.68743295 -1.66418657 -0.00856784 -0.00947511 -0.09925884 0.99497965
1654232903.85930300 72.07138787 -6.36610442 -1.79001275 -0.00582139 -0.01112292 -0.10627775 0.99425723
1654232904.19080997 74.50149839 -6.80189827 -1.76089385 -0.01298692 -0.01129461 -0.11715088 0.99296498
1654232904.52717900 76.99949733 -7.37884713 -1.73363696 -0.00893011 -0.01006948 -0.12454966 0.99212209
1654232904.86443400 79.50773362 -8.18353159 -1.90806705 -0.00163301 -0.01184563 -0.12783249 0.99172369
1654232905.19451904 82.02528036 -8.81386015 -1.93202105 -0.00016448 -0.01108542 -0.13446234 0.99085668
1654232905.52891898 84.53642207 -9.35821211 -1.93420131 -0.00301346 -0.01055922 -0.14325351 0.98962511
1654232905.86152792 87.10164939 -10.10367823 -1.94194938 -0.00373790 -0.01058663 -0.14999407 0.98862315
1654232906.20066404 89.63997355 -10.86630959 -1.93078074 -0.00788056 -0.01024706 -0.15690837 0.98752856
1654232906.53333402 92.18511466 -11.66360881 -1.94580273 -0.00960640 -0.00989887 -0.16275134 0.98657069
1654232906.77599597 94.12968764 -12.28785252 -1.96139903 -0.01044590 -0.01017096 -0.16626693 0.98597299
1654232907.03540111 96.04096358 -12.91979119 -1.99079769 -0.01068734 -0.00949497 -0.16896860 0.98551775
1654232907.28216004 97.94399738 -13.56719952 -2.02203919 -0.01137922 -0.00983714 -0.17109634 0.98513948
1654232907.61175299 100.39897456 -14.40911959 -2.06547078 -0.01166428 -0.01023991 -0.17358217 0.98469707
1654232907.94441795 102.82603952 -15.25132182 -2.11610410 -0.01001711 -0.01005523 -0.17646154 0.98420520
1654232908.27599406 105.26803238 -16.10257553 -2.17496898 -0.01037976 -0.01048878 -0.17990920 0.98357253
1654232908.61294699 107.68476473 -16.98032929 -2.22475546 -0.01066056 -0.01107970 -0.18308570 0.98297671
1654232908.94735193 110.09679889 -17.86851500 -2.25705930 -0.01113200 -0.01119077 -0.18750925 0.98213600
1654232909.28099489 112.53536763 -18.78374597 -2.29745080 -0.01180509 -0.01158207 -0.19214808 0.98122659
1654232909.61390901 114.89436836 -19.69011894 -2.30223761 -0.01242055 -0.01157553 -0.19768619 0.98011831
1654232909.94714308 117.20935514 -20.65552943 -2.31944017 -0.01518880 -0.01194722 -0.20341738 0.97890139
1654232910.28117704 119.55035445 -21.65276484 -2.34510809 -0.01514329 -0.01162517 -0.20883577 0.97776437
1654232910.61359692 121.87575917 -22.66483076 -2.38080851 -0.01529664 -0.01199313 -0.21532055 0.97634996
1654232910.94497299 124.22204734 -23.70243432 -2.39361322 -0.01737653 -0.01229428 -0.22162275 0.97490013
1654232911.28051090 126.51819027 -24.79508148 -2.38932929 -0.01853834 -0.01202522 -0.22709611 0.97362163
1654232911.61260796 128.80208173 -25.88856209 -2.40745503 -0.01967961 -0.01212731 -0.23253618 0.97231300
1654232911.94507504 131.08783710 -26.98580270 -2.42338363 -0.02102655 -0.01244173 -0.23877915 0.97076650
1654232912.27632189 133.40514439 -28.14762054 -2.44652779 -0.02121123 -0.01293131 -0.24432420 0.96937534
1654232912.60757995 135.72819935 -29.34215032 -2.47775326 -0.02139072 -0.01361387 -0.24914198 0.96813500
1654232912.94195509 137.99108156 -30.53651166 -2.48995553 -0.02168372 -0.01437180 -0.25367326 0.96694009
1654232913.27727604 140.24400075 -31.74601898 -2.48512088 -0.02193109 -0.01515902 -0.25784768 0.96581769
1654232913.60984802 142.49689525 -32.99250215 -2.48070847 -0.02195217 -0.01561111 -0.26030814 0.96514976
1654232913.94940710 144.74364309 -34.24539561 -2.46094818 -0.02269370 -0.01639238 -0.26241607 0.96454865
1654232914.27783895 147.01936878 -35.53593698 -2.45826586 -0.02282441 -0.01683259 -0.26334896 0.96428369
1654232914.61817694 149.26781361 -36.81657378 -2.46054257 -0.02303734 -0.01708932 -0.26420831 0.96403900
1654232914.94936991 151.55093773 -38.11031652 -2.44365729 -0.02508020 -0.01694432 -0.26514344 0.96373380
1654232915.27959490 153.81571118 -39.41916856 -2.46148395 -0.02359018 -0.01888559 -0.26471415 0.96385334
1654232915.61483407 156.06957950 -40.70841052 -2.46826922 -0.02191885 -0.02080570 -0.26423331 0.96398519
1654232915.94674397 158.33354874 -41.99861190 -2.48564002 -0.02015806 -0.02403735 -0.26416132 0.96396818
1654232916.27995992 160.58623639 -43.27290264 -2.46147955 -0.01894028 -0.02549649 -0.26435978 0.96390098
1654232916.61201310 162.82735923 -44.54873405 -2.44798138 -0.01905869 -0.02797165 -0.26444140 0.96380761
1654232916.95285296 165.09272785 -45.83790164 -2.40218990 -0.02085737 -0.02905698 -0.26412927 0.96382384
1654232917.27921605 167.36496379 -47.11332118 -2.37155486 -0.02259028 -0.03193238 -0.26367257 0.96381885
1654232917.61451006 169.65724610 -48.39436329 -2.29974463 -0.02332761 -0.03279177 -0.26309220 0.96393102
1654232917.94869590 171.94192635 -49.66923049 -2.21190573 -0.03026030 -0.03448633 -0.26303002 0.96369612
1654232918.28397608 174.23455601 -50.95259659 -2.10784378 -0.03194947 -0.03605713 -0.26312898 0.96355708
1654232918.61589289 176.45234962 -52.20473879 -1.99188013 -0.03353079 -0.03690573 -0.26345803 0.96338129
1654232918.95099497 178.65580031 -53.46747660 -1.86533842 -0.03589979 -0.03677367 -0.26380956 0.96320476
1654232919.27971005 180.86044230 -54.73012811 -1.75047407 -0.03703703 -0.03700537 -0.26432429 0.96301170
1654232919.61642790 183.09725748 -55.99733029 -1.60954725 -0.04113963 -0.03730001 -0.26562345 0.96247619
1654232919.94779897 185.23435914 -57.24796472 -1.45844310 -0.04571401 -0.03769752 -0.26708007 0.96185101
1654232920.28120995 187.40619016 -58.50984522 -1.31430629 -0.04875049 -0.03821951 -0.26805105 0.96141109
1654232920.61471796 189.57713238 -59.78281045 -1.14396940 -0.05248852 -0.03819711 -0.26864433 0.96104951
1654232920.94770503 191.77760168 -61.06590364 -0.96578852 -0.05821219 -0.03870683 -0.26963960 0.96042054
1654232921.28184104 193.99909989 -62.35421024 -0.79001862 -0.06295205 -0.03910180 -0.26994015 0.96002104
1654232921.61413503 196.21997941 -63.64472643 -0.62737275 -0.06414290 -0.04001814 -0.26955442 0.96001284
1654232921.95085096 198.37390188 -64.91238822 -0.48063779 -0.06656753 -0.04131517 -0.26898627 0.95995219
1654232922.28334999 200.57317181 -66.18576244 -0.31300910 -0.06671025 -0.04159644 -0.26811248 0.96017456
1654232922.61605000 202.78297355 -67.45865412 -0.12511630 -0.06719687 -0.04151332 -0.26728630 0.96037454
1654232922.95248604 204.98666320 -68.73237329 0.02458266 -0.06442044 -0.04475226 -0.26553865 0.96090398
1654232923.29245400 207.21199531 -69.99150742 0.20801433 -0.06401999 -0.04644742 -0.26468080 0.96108697
1654232923.61662006 209.38397440 -71.22901069 0.38937849 -0.06351128 -0.04833708 -0.26507979 0.96091756
1654232923.94920492 211.53165743 -72.46410378 0.57084834 -0.06291203 -0.04997598 -0.26542073 0.96077901
1654232924.28300691 213.68931646 -73.70128149 0.77492259 -0.06269264 -0.05174520 -0.26545726 0.96068960
1654232924.61598396 215.85230748 -74.93571987 0.98019914 -0.05777585 -0.05358512 -0.26517901 0.96097382
1654232924.94871402 218.03869273 -76.18444612 1.18203929 -0.05115071 -0.05526357 -0.26465662 0.96139816
1654232925.28082108 220.30183593 -77.49731335 1.30462942 -0.04040550 -0.06167774 -0.26353083 0.96182886
1654232925.61469698 222.34803424 -78.67644638 1.54559054 -0.03805338 -0.06348054 -0.26326029 0.96188158
1654232925.94770193 224.46717522 -79.78856803 1.74755292 -0.03547885 -0.06602403 -0.26389486 0.96163485
1654232926.28177404 226.68280914 -81.02523561 2.00253969 -0.03776616 -0.06718996 -0.26369101 0.96152290
1654232926.61497402 228.86494376 -82.24380715 2.26420782 -0.03866913 -0.06808926 -0.26435003 0.96124274
1654232926.95218110 231.00723144 -83.45049844 2.51910752 -0.03686394 -0.06932393 -0.26447571 0.96119084
1654232927.28103805 233.18934062 -84.68844799 2.80220578 -0.03753414 -0.06975548 -0.26499886 0.96098957
1654232927.62125707 235.38450200 -85.94183194 3.08667323 -0.03873527 -0.07080659 -0.26557147 0.96070693
1654232927.95315504 237.54554015 -87.15700194 3.37659059 -0.04011248 -0.07201204 -0.26634123 0.96034765
1654232928.28714609 239.67893804 -88.37628238 3.68289516 -0.04254895 -0.07224490 -0.26722805 0.95997887
1654232928.61986494 241.82873516 -89.61877259 3.98370299 -0.04477681 -0.07295805 -0.26815677 0.95956454
1654232928.96017599 243.98824443 -90.87318429 4.29513655 -0.04593014 -0.07360167 -0.26872471 0.95930196
1654232929.28401899 246.14144647 -92.13223556 4.62342377 -0.04875395 -0.07272283 -0.26908481 0.95912867
1654232929.61616397 248.28504693 -93.38464307 4.92284298 -0.04965476 -0.07325909 -0.26938147 0.95895836
1654232929.95088005 250.46417054 -94.65890626 5.22243492 -0.04859329 -0.07387176 -0.26966261 0.95888671
1654232930.28674698 252.58900868 -95.90978562 5.52311989 -0.04582511 -0.07490164 -0.26872470 0.95920636
1654232930.61395311 254.76354532 -97.15838671 5.82408480 -0.04484881 -0.07516147 -0.26759882 0.95954688
1654232930.94763303 256.87882917 -98.37387935 6.15808347 -0.04438970 -0.07531941 -0.26760575 0.95955391
1654232931.28167701 259.01869227 -99.62743254 6.47990474 -0.04391677 -0.07532458 -0.26722884 0.95968030
1654232931.61431789 261.13778723 -100.86021114 6.79045508 -0.04385929 -0.07533187 -0.26727771 0.95966874
1654232931.94943404 263.28778068 -102.10254528 7.10879786 -0.04385994 -0.07535984 -0.26743778 0.95962192
1654232932.29065800 265.45262857 -103.36057882 7.46773737 -0.04427726 -0.07521964 -0.26752722 0.95958883
1654232932.61779189 267.61746257 -104.60533733 7.80109008 -0.04507657 -0.07543532 -0.26790624 0.95942893
1654232932.95091105 269.73778859 -105.83056265 8.11552333 -0.04524558 -0.07557254 -0.26803544 0.95937408
1654232933.28689599 271.73904850 -106.98950921 8.42172365 -0.04543708 -0.07546197 -0.26894885 0.95911808
1654232933.61845112 273.61883533 -108.06511029 8.70929715 -0.04582987 -0.07558375 -0.27065458 0.95860984
1654232933.95725799 275.41877251 -109.10989163 8.98339095 -0.04695702 -0.07587712 -0.27243561 0.95802742
1654232934.29164100 277.20320218 -110.16013936 9.25055752 -0.04779602 -0.07614436 -0.27400574 0.95751681
1654232934.71912193 279.30028989 -111.41458078 9.58868211 -0.04947943 -0.07653814 -0.27586084 0.95686702
1654232935.12687707 281.22403672 -112.58493819 9.91536298 -0.05023027 -0.07688877 -0.27722899 0.95640427
1654232935.54984188 283.01378483 -113.67731681 10.18514043 -0.04855417 -0.07715958 -0.27896600 0.95596384
1654232936.04938102 284.96906655 -114.84281218 10.52957266 -0.04942137 -0.07770533 -0.28050797 0.95542383
1654232936.54927611 286.93217161 -116.02435814 10.84216677 -0.04971337 -0.07776319 -0.28142137 0.95513532
1654232937.04725695 288.81782713 -117.20224203 11.10385173 -0.04943056 -0.07779706 -0.28201342 0.95497260
1654232937.54461408 290.56022897 -118.27202090 11.37716510 -0.04977458 -0.07780560 -0.28396214 0.95437639
1654232938.13815808 292.40831123 -119.42164397 11.67960698 -0.04974807 -0.07813357 -0.28568377 0.95383702
1654232938.71786904 294.35888186 -120.64910638 11.99478923 -0.04975197 -0.07823550 -0.28759197 0.95325485
1654232939.21453190 296.17704033 -121.80668295 12.29224642 -0.04927009 -0.07835252 -0.28970302 0.95263083
1654232939.71682096 298.09057154 -123.04004136 12.59313283 -0.04927001 -0.07871923 -0.29224484 0.95182388
1654232940.14418602 299.80978536 -124.15486080 12.86368537 -0.04900818 -0.07919679 -0.29462836 0.95106267
1654232940.54884291 301.59959371 -125.33041851 13.15179558 -0.04886428 -0.07949028 -0.29835024 0.94988458
1654232940.96722889 303.45071012 -126.56887627 13.44822051 -0.04884840 -0.08008270 -0.30253592 0.94851073
1654232941.37956691 305.38773170 -127.89404312 13.77255840 -0.04873641 -0.08021226 -0.30608914 0.94736487
1654232941.79672790 307.38453422 -129.28492480 14.10531038 -0.04856176 -0.08047643 -0.31082600 0.94580786
1654232942.12709498 309.02970004 -130.45190808 14.38489231 -0.04843415 -0.08071349 -0.31509608 0.94438018
1654232942.45844698 310.70433435 -131.67724284 14.70562047 -0.04882499 -0.08051080 -0.31937447 0.94293907
1654232942.79248405 312.41921455 -132.94914448 15.01082117 -0.04890474 -0.08061948 -0.32271146 0.94178880
1654232943.12215900 314.15629234 -134.25925065 15.32368767 -0.04898993 -0.08075841 -0.32484619 0.94103827
1654232943.45122409 315.92109292 -135.60071710 15.65350199 -0.04879925 -0.08062443 -0.32663322 0.94044089
1654232943.78358698 317.65596403 -136.93090630 15.97830750 -0.04893662 -0.08079891 -0.32833012 0.93982769
1654232944.11988711 319.39222924 -138.29646296 16.30516259 -0.04905222 -0.08082106 -0.33118978 0.93881583
1654232944.45274496 321.14996801 -139.67668912 16.62939069 -0.04913664 -0.08095091 -0.33420925 0.93772956
1654232944.78605890 322.90880471 -141.06165386 16.93063903 -0.04931594 -0.08144250 -0.33639568 0.93689541
1654232945.12286210 324.64007568 -142.43707201 17.27158397 -0.04881243 -0.08147612 -0.33675533 0.93678964
1654232945.45542693 326.34244050 -143.80232614 17.61295307 -0.04902206 -0.08115060 -0.33686471 0.93676763
1654232945.79162502 328.04513805 -145.15216568 17.92883921 -0.04884077 -0.08159350 -0.33739146 0.93654903
1654232946.12520599 329.79265429 -146.53012207 18.25324022 -0.04812037 -0.08220230 -0.33743484 0.93651745
1654232946.46615601 331.53108660 -147.90980326 18.58906803 -0.04847743 -0.08211323 -0.33791316 0.93633437
1654232946.80073094 333.23785456 -149.27695601 18.94197920 -0.04938500 -0.08200571 -0.33839509 0.93612229
1654232947.13392901 334.96854889 -150.65845288 19.28653940 -0.05000736 -0.08188744 -0.33899408 0.93588286
1654232947.46777892 336.74105703 -152.07655225 19.63093275 -0.05104489 -0.08214799 -0.34109336 0.93504088
1654232947.80527902 338.50661154 -153.50431432 19.96995834 -0.05256987 -0.08280825 -0.34389954 0.93386954
1654232948.13490891 340.26293775 -154.93815759 20.31515982 -0.05426589 -0.08341559 -0.34607467 0.93291445
1654232948.46997309 342.01606076 -156.38895067 20.66106723 -0.05506851 -0.08417096 -0.34973118 0.93143481
1654232948.80203390 343.76642444 -157.86371433 21.01512809 -0.05486927 -0.08492604 -0.35404187 0.92974797
1654232949.13235402 345.51423396 -159.35419101 21.37128801 -0.05481292 -0.08551705 -0.35776113 0.92827224
1654232949.46253490 347.25954888 -160.86827046 21.72781110 -0.05469936 -0.08623074 -0.36020301 0.92726805
1654232949.79752994 348.98541862 -162.38019169 22.09273291 -0.05528931 -0.08646977 -0.36236304 0.92636877
1654232950.12641501 350.70739448 -163.90439174 22.45628817 -0.05528165 -0.08672513 -0.36371018 0.92581726
1654232950.45798612 352.41797742 -165.42482234 22.81252370 -0.05548615 -0.08711917 -0.36520102 0.92518093
1654232950.79118490 354.10913713 -166.94454186 23.19091821 -0.05803282 -0.08693541 -0.36696847 0.92434223
1654232951.12808490 355.76346522 -168.44914992 23.55502053 -0.05777934 -0.08744179 -0.36844167 0.92372410
1654232951.45790696 357.35059184 -169.91345825 23.99763737 -0.05975345 -0.08692204 -0.37194385 0.92224284
1654232951.79444504 359.01770913 -171.45319984 24.34163323 -0.05751578 -0.08763489 -0.37460334 0.92124069
1654232952.12092996 360.63519229 -172.97489787 24.66085548 -0.05686766 -0.08851438 -0.37719120 0.92014025
1654232952.44869995 362.18420177 -174.48995155 25.13938567 -0.05657908 -0.08747014 -0.37949055 0.91931208
1654232952.78109503 363.73156336 -175.96159909 25.53538675 -0.05623875 -0.08698509 -0.38197714 0.91834866
1654232953.12020493 365.22926664 -177.47905119 25.89543213 -0.05654170 -0.08701843 -0.38427772 0.91736659
1654232953.45478511 366.73611361 -178.99400680 26.24717335 -0.05672391 -0.08718549 -0.38643605 0.91643236
1654232953.79065204 368.27071113 -180.48623871 26.62361562 -0.05798364 -0.08673872 -0.38909582 0.91526976
1654232954.12464094 369.76948718 -181.99116373 27.00068490 -0.05684277 -0.08719762 -0.39142745 0.91430303
1654232954.45440793 371.28619627 -183.50816061 27.34234957 -0.05587056 -0.08803951 -0.39423455 0.91307538
1654232954.78579402 372.74622707 -184.98648222 27.74107485 -0.05637671 -0.08743986 -0.39644256 0.91214540
1654232955.12358594 374.16849839 -186.47803247 28.11885266 -0.05709755 -0.08659139 -0.39754603 0.91170113
1654232955.45652795 375.55854591 -187.93746200 28.45028034 -0.05737720 -0.08652958 -0.39848417 0.91127979
1654232955.86703801 377.19168093 -189.69317817 28.83815594 -0.05828779 -0.08735937 -0.39949482 0.91070015
1654232956.28356290 378.82566480 -191.42412177 29.24838133 -0.05986554 -0.08792566 -0.40048261 0.91010926
1654232956.70623803 380.34691534 -193.03872407 29.62658806 -0.06043472 -0.08861260 -0.40216748 0.90926166
1654232957.11697412 381.89743895 -194.67531517 30.01741949 -0.06130165 -0.08895662 -0.40483566 0.90798508
1654232957.53767204 383.31798683 -196.19801462 30.37176867 -0.06201232 -0.08964025 -0.40871007 0.90613199
1654232957.94876909 384.68683590 -197.68527363 30.72140637 -0.06286334 -0.09107909 -0.41242097 0.90424651
1654232958.44730306 386.23514610 -199.38990565 31.12021598 -0.06349685 -0.09161377 -0.41421476 0.90332785
1654232958.86793399 387.57318338 -200.87907478 31.47002908 -0.06169474 -0.09112154 -0.41554679 0.90289063
1654232959.37143612 389.12711269 -202.60957113 31.88730125 -0.06347456 -0.09159020 -0.41908742 0.90108154
1654232959.78719091 390.50321326 -204.18989917 32.25474314 -0.06312317 -0.09173491 -0.42138712 0.90001837
1654232960.20340991 391.91351040 -205.82698872 32.63897183 -0.06275322 -0.09216394 -0.42272129 0.89937453
1654232960.61537600 393.39172187 -207.55299632 33.04731791 -0.06256683 -0.09304473 -0.42417975 0.89860982
1654232961.03778005 394.90151338 -209.33291726 33.46453946 -0.06255769 -0.09354116 -0.42522850 0.89806309
1654232961.45227003 396.45074952 -211.15139874 33.90432792 -0.06331175 -0.09375151 -0.42669654 0.89729167
1654232961.78849602 397.75948969 -212.67977856 34.27453830 -0.06348211 -0.09417262 -0.42811016 0.89656190
1654232962.11981201 399.02845344 -214.18160846 34.65178661 -0.06451196 -0.09403179 -0.42951723 0.89582988
1654232962.53666711 400.61904407 -216.04857368 35.12951881 -0.06520699 -0.09362357 -0.43108059 0.89507106
1654232962.95259404 402.10237065 -217.87146944 35.60027687 -0.06583636 -0.09316816 -0.43196220 0.89464737
1654232963.36804104 403.57667519 -219.65208212 36.01810640 -0.06659060 -0.09313497 -0.43192476 0.89461308
1654232963.78105688 404.98234903 -221.35108106 36.41811286 -0.06736007 -0.09289022 -0.42844061 0.89625480
1654232964.19795108 406.40058131 -223.03532076 36.81892654 -0.06795180 -0.09249799 -0.42335232 0.89866539
1654232964.61463094 407.79185851 -224.63650500 37.18684323 -0.06889426 -0.09195994 -0.41247340 0.90369389
1654232965.03329492 409.18841391 -226.15296252 37.54304092 -0.07039051 -0.09106801 -0.39370699 0.91200142
1654232965.44741201 410.65133018 -227.62951612 37.91938692 -0.07177860 -0.08908110 -0.36661900 0.92331084
1654232965.86078000 412.22821638 -229.00702137 38.27837913 -0.07299573 -0.08672618 -0.33521155 0.93529857
1654232966.27701807 413.83341964 -230.23619715 38.62247554 -0.07456604 -0.08301640 -0.29688616 0.94837060
1654232966.78129101 415.81639234 -231.46317380 38.99995142 -0.07650730 -0.07753040 -0.24287010 0.96392416
1654232967.28336692 417.90700508 -232.43845081 39.34581474 -0.07858158 -0.07123131 -0.17942077 0.97803846
1654232967.68908191 419.80716547 -233.05696979 39.61209332 -0.08044316 -0.06551806 -0.12179853 0.98711772
1654232968.12081909 421.78564180 -233.46225095 39.81812628 -0.08101685 -0.06040269 -0.06613654 0.99268008
1654232968.52402306 423.83842277 -233.60502902 39.97514849 -0.08141499 -0.05492153 -0.01003303 0.99511535
1654232968.95383501 425.90669125 -233.53879187 40.08626895 -0.08122590 -0.05003346 0.04550020 0.99439868
1654232969.36118698 428.02213274 -233.24390473 40.18390353 -0.08168447 -0.04377432 0.10107986 0.99055253
1654232969.78272200 430.11980128 -232.71167093 40.23550326 -0.08208201 -0.03742432 0.15459074 0.98385145
1654232970.19576907 432.14987167 -231.95917548 40.20494467 -0.08341239 -0.03144826 0.20750791 0.97416315
1654232970.61322808 434.12117248 -230.99489993 40.15499052 -0.08309139 -0.02538695 0.25669405 0.96257960
1654232971.03225803 436.01207840 -229.81760697 40.06233299 -0.08193540 -0.02091453 0.29304279 0.95235240
1654232971.44213700 437.84477835 -228.50701699 39.93012704 -0.08071599 -0.01793601 0.31981664 0.94386469
1654232971.86161304 439.62265868 -227.06658755 39.77788579 -0.07966388 -0.01546365 0.34321327 0.93574526
1654232972.27668309 441.29621050 -225.57302929 39.61108303 -0.07912202 -0.01317300 0.36130592 0.92899096
1654232972.69019604 442.86962623 -224.09082767 39.43778397 -0.07757295 -0.01155745 0.37710397 0.92284422
1654232973.11160588 444.34977515 -222.58560922 39.27966001 -0.07561648 -0.01019850 0.38938745 0.91790825
1654232973.52633810 445.78701571 -221.03690160 39.11351156 -0.07507544 -0.00921349 0.39586636 0.91518775
1654232973.94437599 447.22881912 -219.45613201 38.91012641 -0.07513970 -0.00836828 0.40228598 0.91238697
1654232974.35332799 448.74777868 -217.74054683 38.68826320 -0.07567556 -0.00775605 0.40643469 0.91050750
1654232974.77458596 450.21600335 -216.06610980 38.49562146 -0.07599713 -0.00738777 0.40910867 0.90928541
1654232975.18634391 451.76801454 -214.28434230 38.27029158 -0.07596139 -0.00688505 0.41384670 0.90714573
1654232975.60887599 453.33389622 -212.44195655 38.02715815 -0.07555712 -0.00592933 0.42118608 0.90380211
1654232975.94233990 454.60402753 -210.89319245 37.81564564 -0.07449368 -0.00566467 0.42688848 0.90121298
1654232976.27474403 455.87160505 -209.30411010 37.61570369 -0.07419631 -0.00514483 0.43262296 0.89850198
1654232976.60992289 457.14832150 -207.69201389 37.39574205 -0.07366128 -0.00477959 0.43681978 0.89651528
1654232976.94614291 458.42056570 -206.02730171 37.19411796 -0.07388258 -0.00483313 0.44088558 0.89450428
1654232977.28093505 459.65970224 -204.34151634 36.99513923 -0.07359855 -0.00438463 0.44270072 0.89363309
1654232977.61249900 460.92762522 -202.63935753 36.78603856 -0.07367880 -0.00421776 0.44467265 0.89264768
1654232977.94364810 462.19947944 -200.92015067 36.54761510 -0.07339340 -0.00447871 0.44528336 0.89236544
1654232978.27714896 463.48519113 -199.19809656 36.33458691 -0.07282889 -0.00396400 0.44608048 0.89201594
1654232978.60731912 464.77540148 -197.44834780 36.11281544 -0.07313141 -0.00402708 0.44610766 0.89197732
1654232978.94111991 466.07449642 -195.68064894 35.87951243 -0.07281635 -0.00307582 0.44617545 0.89197298
1654232979.27464890 467.38727050 -193.89914060 35.64596440 -0.07265453 -0.00281316 0.44768547 0.89123012
1654232979.60754108 468.66321567 -192.14379835 35.46823077 -0.07184833 -0.00242564 0.45048693 0.88988396
1654232979.93797803 469.97753986 -190.34033263 35.22855350 -0.07060634 -0.00260525 0.45219852 0.88911442
1654232980.27069998 471.27826493 -188.53825699 35.02456916 -0.07097295 -0.00215219 0.45350667 0.88841989
1654232980.60731602 472.57585029 -186.75040978 34.80657188 -0.07134350 -0.00199827 0.45619690 0.88701212
1654232980.93884492 473.84310786 -184.94157041 34.62029563 -0.07219236 -0.00112265 0.45870617 0.88564985
1654232981.27065492 475.13066908 -183.10658485 34.35462820 -0.07152225 -0.00301702 0.46243899 0.88375656
1654232981.60197997 476.40840176 -181.21170788 34.11991720 -0.07168722 -0.00243196 0.46653029 0.88159204
1654232981.93707395 477.69557450 -179.27871367 33.85890445 -0.07140935 -0.00285054 0.47026737 0.87962559
1654232982.27319288 478.96288391 -177.32665948 33.60555991 -0.07071363 -0.00305124 0.47541817 0.87690811
1654232982.60591507 480.22486336 -175.32542114 33.35683534 -0.07031321 -0.00240642 0.48189083 0.87340225
1654232982.94006109 481.45901246 -173.28946030 33.09742527 -0.06949079 -0.00133013 0.48917893 0.86940970
1654232983.27142191 482.68067300 -171.20643604 32.81680358 -0.06731436 -0.00050681 0.49625889 0.86556088
1654232983.60420895 483.85216584 -169.14280660 32.55494262 -0.06636787 -0.00002169 0.50330381 0.86155707
1654232983.93869400 485.01691141 -167.03480352 32.29753324 -0.06567329 0.00130327 0.51125446 0.85691551
1654232984.27459097 486.14514165 -164.87811746 32.00726772 -0.06401396 0.00236577 0.51949325 0.85207005
1654232984.60792994 487.25992397 -162.62425092 31.71214552 -0.06313721 0.00307409 0.52620776 0.84800332
1654232984.94196510 488.36332151 -160.31746072 31.40635206 -0.06260290 0.00366224 0.53130716 0.84485511
1654232985.27521396 489.43895795 -157.99770069 31.11186845 -0.06188678 0.00419167 0.53527323 0.84239838
1654232985.60777998 490.50476030 -155.64567373 30.79911129 -0.06124630 0.00510463 0.54156052 0.83841221
1654232985.94352603 491.53024723 -153.28392350 30.47146809 -0.06035509 0.00553332 0.54715278 0.83483560
1654232986.28530788 492.52388519 -150.88675162 30.15913447 -0.05918347 0.00622888 0.55165923 0.83194388
1654232986.61235189 493.49858088 -148.47701580 29.83644224 -0.05791330 0.00670117 0.55655305 0.82876405
1654232986.94561911 494.43742913 -146.08192237 29.52110665 -0.05761351 0.00741642 0.56161605 0.82535634
1654232987.27689004 495.32071290 -143.69924467 29.19961619 -0.05673280 0.00783155 0.56668525 0.82194153
1654232987.60833192 496.18132174 -141.29450520 28.88670776 -0.05601919 0.00885822 0.57101873 0.81897558
1654232987.94113398 497.01449574 -138.89098298 28.57009647 -0.05422459 0.01023313 0.57651318 0.81522238
1654232988.27505302 497.81241269 -136.49836680 28.24352122 -0.05371005 0.01017221 0.58384505 0.81002266
1654232988.60607409 498.55524971 -134.12124708 27.90672362 -0.05390148 0.01042167 0.59089603 0.80487757
1654232988.94050503 499.25177689 -131.72075191 27.59057570 -0.05350993 0.01129004 0.59735949 0.80010678
1654232989.27153707 499.91022476 -129.30955186 27.31505516 -0.05357976 0.01294021 0.60491262 0.79438182
1654232989.61109805 500.52555135 -126.88632474 26.98848581 -0.05273131 0.01402950 0.61205463 0.78893074
1654232989.94049191 501.09646195 -124.46117329 26.67298070 -0.05211207 0.01534663 0.61991930 0.78278278
1654232990.27432799 501.60344433 -122.08718406 26.35035193 -0.05046192 0.01667866 0.62688821 0.77729441
1654232990.60657907 502.07744482 -119.67791715 26.01188922 -0.05002628 0.01735337 0.63307272 0.77227920
1654232990.94075203 502.51249548 -117.26249837 25.67624130 -0.04928312 0.01816747 0.63903146 0.76738511
1654232991.27489710 502.90909474 -114.83901137 25.32842419 -0.04881142 0.01761159 0.64433463 0.76298110
1654232991.60885906 503.26634131 -112.43502459 25.01989461 -0.04788104 0.01892741 0.65010126 0.75810125
1654232991.94381189 503.56839417 -110.04109704 24.71476351 -0.04775918 0.01983065 0.65587348 0.75309746
1654232992.28523898 503.84967375 -107.59059607 24.37069724 -0.04794330 0.02011922 0.66122129 0.74838697
1654232992.61488509 504.10664715 -105.16091292 24.02565563 -0.04714303 0.02101600 0.66587097 0.74427933
1654232992.95185804 504.33771858 -102.70510945 23.69884481 -0.04725966 0.02177116 0.67197622 0.73874251
1654232993.28541398 504.51328428 -100.28519490 23.39632928 -0.04743489 0.02324934 0.67854945 0.73265274
1654232993.61802912 504.63965808 -97.85930335 23.05891870 -0.04718795 0.02440652 0.68520570 0.72640951
1654232993.95982909 504.73588410 -95.40926869 22.71610597 -0.04711740 0.02472554 0.69079988 0.72108538
1654232994.28291893 504.79202420 -92.93532719 22.36939420 -0.04719926 0.02548666 0.69502918 0.71697775
1654232994.61936688 504.82373094 -90.43714010 22.05041152 -0.04785310 0.02649387 0.69832121 0.71369156
1654232994.94972897 504.84031741 -87.87860497 21.67960500 -0.04832997 0.02696617 0.70288128 0.70915086
1654232995.28058505 504.82316542 -85.38369349 21.36607543 -0.04917527 0.02814113 0.70727613 0.70466328
1654232995.61135793 504.76817912 -82.89137676 21.04025733 -0.04979344 0.02836348 0.71089018 0.70096453
1654232995.94629312 504.68281385 -80.37559031 20.70653686 -0.05025612 0.02866687 0.71405311 0.69769670
1654232996.28067589 504.57731234 -77.85695750 20.34319476 -0.05082229 0.02844597 0.71710928 0.69452300
1654232996.61779499 504.42636268 -75.31458605 19.94482055 -0.05068697 0.02835952 0.71979542 0.69175221
1654232996.95243597 504.24125702 -72.76989192 19.52762520 -0.05051754 0.02835621 0.72223106 0.68922145
1654232997.28632307 504.03589389 -70.18977597 19.11316790 -0.05053761 0.02845823 0.72276267 0.68865827
1654232997.61677408 503.83967095 -67.57634906 18.71922448 -0.05062849 0.02876892 0.72261581 0.68879278
1654232997.94636703 503.64726341 -65.01013700 18.31034045 -0.05073580 0.02862569 0.72253223 0.68887853
1654232998.27997589 503.46832855 -62.39629542 17.89910432 -0.05125889 0.02830041 0.72258636 0.68879646
1654232998.61268711 503.29657181 -59.78441486 17.49984531 -0.05184223 0.02820860 0.72259196 0.68875069
1654232998.94668388 503.11705304 -57.17506368 17.08309646 -0.05200217 0.02838064 0.72279076 0.68852294
1654232999.18809009 502.98624067 -55.20414232 16.76700172 -0.05216925 0.02827301 0.72278610 0.68851961
1654232999.44619012 502.85364791 -53.22833182 16.47470299 -0.05301948 0.02815019 0.72293120 0.68830733
1654232999.68809104 502.72060748 -51.23710193 16.14740607 -0.05310034 0.02808323 0.72253199 0.68872288
1654232999.94575596 502.58766294 -49.22655602 15.81967387 -0.05355560 0.02759115 0.72254891 0.68868977
1654233000.18567896 502.45313536 -47.21669058 15.48617997 -0.05335476 0.02784144 0.72223737 0.68902199
1654233000.44496799 502.32309183 -45.20568461 15.15473356 -0.05327403 0.02796503 0.72215066 0.68911411
1654233000.68780494 502.20078437 -43.22605269 14.83205013 -0.05292866 0.02840628 0.72220832 0.68906224
1654233000.94536209 502.09747805 -41.24521963 14.52705251 -0.05210240 0.02848596 0.72273466 0.68856989
1654233001.18670392 501.97333908 -39.26426166 14.19200443 -0.05152158 0.02811161 0.72359270 0.68772733
1654233001.44486904 501.83832745 -37.29177503 13.88381385 -0.05136231 0.02854257 0.72499087 0.68624738
1654233001.77772999 501.64530159 -34.67842415 13.48375671 -0.05063886 0.02971825 0.72803819 0.68301752
1654233002.11112690 501.41986361 -32.14741061 13.08783738 -0.04938944 0.03160893 0.73238248 0.67836381
1654233002.44304609 501.17158111 -29.58755036 12.67093717 -0.04840301 0.03329473 0.73951217 0.67057465
1654233002.77381110 500.87215179 -27.02990058 12.25843327 -0.04677528 0.03553175 0.74702964 0.66219053
1654233003.10893202 500.51469717 -24.46372015 11.83138288 -0.04480662 0.03687744 0.75493746 0.65322420
1654233003.43851209 500.09436513 -21.93487562 11.42608196 -0.04120274 0.03997457 0.76272536 0.64416954
1654233003.77170205 499.61459479 -19.41734949 11.03317894 -0.04098087 0.04187363 0.77119993 0.63389103
1654233004.10845399 499.05116332 -16.89548833 10.62461478 -0.04021891 0.04307135 0.77903728 0.62420206
1654233004.44253302 498.41588749 -14.40767957 10.21389043 -0.03944420 0.04443222 0.78721318 0.61381214
1654233004.77426505 497.70139793 -11.93443019 9.80067235 -0.03759542 0.04594705 0.79468498 0.60411194
1654233005.11159396 496.93019900 -9.49390999 9.39610357 -0.03652936 0.04742819 0.80229412 0.59391945
1654233005.44186211 496.09204601 -7.05437263 8.98648616 -0.03619962 0.04770551 0.80987639 0.58353578
1654233005.77445507 495.18615764 -4.62683738 8.57626969 -0.03530326 0.04892783 0.81727016 0.57308746
1654233006.10892200 494.20890313 -2.20904106 8.15245580 -0.03367167 0.05038419 0.82413400 0.56314368
1654233006.44320202 493.18096891 0.19368398 7.75327499 -0.03236958 0.05111844 0.82904795 0.55589442
1654233006.69856811 492.37820917 2.00366862 7.44572962 -0.03189537 0.05112246 0.83258984 0.55060270
1654233007.03081393 491.27444079 4.38875628 7.07640755 -0.03075775 0.05271514 0.83619458 0.54502632
1654233007.36684799 490.13603319 6.75377289 6.69166874 -0.03021172 0.05214750 0.83951226 0.53998802
1654233007.61713696 489.25729144 8.53333080 6.38570999 -0.02800904 0.05333266 0.84139435 0.53705369
1654233007.94977593 488.08278483 10.85269846 6.02473429 -0.02824357 0.05234106 0.84338756 0.53400388
1654233008.28257108 486.89072609 13.20767636 5.64473246 -0.02736233 0.05268674 0.84517493 0.53118241
1654233008.62093711 485.70885144 15.54022038 5.26137999 -0.02644881 0.05302449 0.84680904 0.52858615
1654233008.95353794 484.49306994 17.87845500 4.87458422 -0.02507697 0.05361398 0.84781707 0.52697524
1654233009.19787788 483.56137891 19.63160521 4.58663095 -0.02416737 0.05439921 0.84814118 0.52641543
1654233009.53218699 482.32087708 21.95364027 4.21862913 -0.02417622 0.05405165 0.84839076 0.52604852
1654233009.78168988 481.39459957 23.72071755 3.94695202 -0.02415986 0.05359780 0.84859015 0.52577403
1654233010.03460693 480.46147372 25.50026114 3.66237495 -0.02426380 0.05336830 0.84882671 0.52541061
1654233010.28644800 479.53048928 27.27809462 3.36918384 -0.02273568 0.05434908 0.84918178 0.52480432
1654233010.62073302 478.31571092 29.57133189 3.02269626 -0.02318400 0.05046840 0.84951630 0.52463082
1654233010.95222211 477.12959089 31.79877972 2.68903300 -0.02338778 0.04950725 0.84975154 0.52433230
1654233011.28258395 475.98276676 33.95225779 2.36351569 -0.02331040 0.04926412 0.84986894 0.52416834
1654233011.61662889 474.86032936 36.04761683 2.03351565 -0.02225808 0.04954356 0.85010568 0.52380373
1654233011.95102906 473.78745384 38.06078579 1.70629560 -0.01995765 0.05107657 0.85015964 0.52366159
1654233012.28476191 472.73842156 40.01329737 1.42172840 -0.01979081 0.05075090 0.85046630 0.52320144
1654233012.61858106 471.72677342 41.90280918 1.15474963 -0.01960922 0.05023737 0.85046391 0.52326172
1654233012.94905210 470.77932361 43.69521176 0.91069411 -0.01947818 0.04974664 0.85006828 0.52395590
1654233013.36754203 469.65457959 45.79802489 0.59559186 -0.01865792 0.05009316 0.84860084 0.52632611
1654233013.78236198 468.63270179 47.73352524 0.31082291 -0.01795668 0.05035068 0.84841865 0.52661955
1654233014.20585704 467.66899112 49.55849568 0.04442870 -0.01767617 0.05015364 0.84844580 0.52660411
1654233014.61642694 466.68498259 51.43582051 -0.23903910 -0.01757362 0.05074009 0.84854722 0.52638790
1654233015.03687406 465.73251730 53.22383431 -0.44592874 -0.01845378 0.04823832 0.84913661 0.52564202
1654233015.53782511 464.63213196 55.34845261 -0.68349666 -0.01854135 0.04901576 0.85001548 0.52414441
1654233016.03956890 463.53715854 57.40439009 -0.93682588 -0.01886147 0.04941413 0.85074216 0.52291516
1654233016.54025102 462.45936735 59.40551871 -1.19008297 -0.01877475 0.04884633 0.85118595 0.52224900
1654233017.03729892 461.36888983 61.42900476 -1.47199720 -0.01844389 0.04805786 0.85158748 0.52167905
1654233017.53944802 460.22890896 63.52970812 -1.75875602 -0.01864146 0.04752625 0.85219442 0.52072874
1654233017.95373392 459.24706315 65.33283695 -1.99892867 -0.01918922 0.04597458 0.85283667 0.51979586
1654233018.37087703 458.23050183 67.19396395 -2.25985712 -0.01916501 0.04589611 0.85329443 0.51905190
1654233018.78373098 457.17290027 69.12308319 -2.53594066 -0.01901459 0.04553145 0.85352647 0.51870792
1654233019.21317697 456.07074552 71.13276274 -2.82446730 -0.01871908 0.04563656 0.85383518 0.51820110
1654233019.62208104 454.90281400 73.24645529 -3.12453075 -0.01853204 0.04569987 0.85391033 0.51807841
1654233019.96005106 453.93862645 74.99157056 -3.36934384 -0.01833654 0.04548367 0.85393073 0.51807076
1654233020.29650903 452.99336915 76.75633047 -3.58784669 -0.01810530 0.04613818 0.85396561 0.51796352
1654233020.63268709 452.04986620 78.53221626 -3.78043126 -0.01805492 0.04673453 0.85406776 0.51774334
1654233020.98338890 451.08711012 80.31327828 -3.99169443 -0.01816690 0.04649488 0.85404694 0.51779534
1654233021.30000091 450.11053635 82.10386664 -4.21344060 -0.01841907 0.04588789 0.85410924 0.51773781
1654233021.63631892 449.11719310 83.91152163 -4.45393906 -0.01870049 0.04424501 0.85422747 0.51767568
1654233021.96639299 448.12020243 85.71623834 -4.69471968 -0.01892640 0.04372016 0.85416027 0.51782292
1654233022.29708195 447.13557934 87.49302401 -4.93132596 -0.01909455 0.04332296 0.85410533 0.51794074
1654233022.62705302 446.14664728 89.29181007 -5.17953226 -0.01886132 0.04311935 0.85398102 0.51817119
1654233022.97464490 445.16572884 91.08143497 -5.42088918 -0.01878725 0.04300112 0.85401794 0.51812287
1654233023.29348707 444.19587377 92.84581050 -5.66974703 -0.01836160 0.04261441 0.85399540 0.51820722
1654233023.62251091 443.21070739 94.63661133 -5.91642488 -0.01838449 0.04239953 0.85402592 0.51817374
1654233023.95880699 442.22102397 96.42707430 -6.16217728 -0.01833057 0.04221518 0.85414257 0.51799840
1654233024.29264998 441.24102699 98.21063297 -6.40533379 -0.01826596 0.04222315 0.85451921 0.51737847
1654233024.63291907 440.25172171 99.99603631 -6.62802273 -0.01842859 0.04138156 0.85455825 0.51737622
1654233024.97122192 439.23525723 101.83016500 -6.85906292 -0.01849686 0.04092988 0.85461547 0.51731520
1654233025.30853200 438.21645735 103.67560032 -7.08482304 -0.01870951 0.04071250 0.85501999 0.51665584
1654233025.64198804 437.20759022 105.49592108 -7.24502065 -0.01977581 0.04014781 0.85493760 0.51679664
1654233025.97396302 436.18789300 107.32526479 -7.46332813 -0.02014012 0.03977431 0.85469354 0.51721498
1654233026.31133389 435.16647818 109.16711669 -7.71283541 -0.02019847 0.03965039 0.85415903 0.51810445
1654233026.64009905 434.14959004 111.00992783 -7.96272921 -0.02023512 0.03910814 0.85364551 0.51898983
1654233026.97071195 433.13855360 112.86962476 -8.21290811 -0.02021917 0.03854637 0.85333997 0.51953465
1654233027.30360603 432.10869270 114.75904365 -8.47169746 -0.02019423 0.03879045 0.85333372 0.51952772
1654233027.63680506 431.06813665 116.66113024 -8.73038383 -0.02016956 0.03835373 0.85325521 0.51969003
1654233027.96726108 430.01914420 118.58380766 -8.98133783 -0.02023515 0.03809710 0.85331958 0.51960066
1654233028.30178905 428.96436941 120.51462799 -9.22833636 -0.02073742 0.03780942 0.85340789 0.51945681
1654233028.63622308 427.91834094 122.43258426 -9.46914720 -0.02110183 0.03742806 0.85342343 0.51944422
1654233028.96913695 426.88145239 124.33388248 -9.72148729 -0.02092682 0.03714771 0.85350066 0.51934452
1654233029.29367399 425.85912991 126.20493371 -9.96964327 -0.02103124 0.03670078 0.85360204 0.51920545
1654233029.61957407 424.83389812 128.07145817 -10.21508918 -0.02118950 0.03652323 0.85367576 0.51909031
1654233029.95036006 423.81572682 129.92590990 -10.46448463 -0.02119552 0.03640987 0.85427051 0.51811867
1654233030.28378701 422.80614079 131.75131070 -10.71455755 -0.02105526 0.03626028 0.85516127 0.51666340
1654233030.61471391 421.80006355 133.56034087 -10.95979587 -0.02093753 0.03629557 0.85608044 0.51514128
1654233030.94765401 420.79647941 135.35354269 -11.20266646 -0.02094225 0.03612803 0.85679343 0.51396615
1654233031.28057790 419.77319571 137.17054624 -11.45626560 -0.02051194 0.03641877 0.85703930 0.51355290
1654233031.61478209 418.75358042 138.98276915 -11.70067742 -0.02042420 0.03636452 0.85726040 0.51319108
1654233031.95232010 417.74732840 140.77319145 -11.94700658 -0.02047646 0.03610261 0.85751222 0.51278662
1654233032.28604198 416.75233806 142.51865488 -12.17806468 -0.02043044 0.03599572 0.85769091 0.51249703
1654233032.70050907 415.50207621 144.67023586 -12.55399753 -0.01957214 0.03543707 0.85777971 0.51242083
1654233033.12498307 414.29907714 146.73515362 -12.86916578 -0.01918652 0.03494572 0.85759856 0.51277225
1654233033.53236604 413.07980808 148.81154341 -13.27426103 -0.01839609 0.03315629 0.85732579 0.51337582
1654233033.96257806 411.90984081 150.91299607 -13.36281640 -0.01989708 0.03416736 0.85754781 0.51288249
1654233034.36777210 410.70794427 152.95159493 -13.71804023 -0.01873711 0.03278541 0.85773932 0.51269610
1654233034.79997396 409.52767127 155.01534840 -13.97454832 -0.01866246 0.03225746 0.85807568 0.51216921
1654233035.20243692 408.31491496 157.12663520 -14.23839538 -0.01860054 0.03223587 0.85849328 0.51147255
1654233035.54037905 407.32018009 158.87766228 -14.43855828 -0.01883605 0.03272643 0.85868495 0.51111088
1654233035.86789989 406.32693982 160.61894527 -14.65939812 -0.01870295 0.03293300 0.85850989 0.51139651
1654233036.20785809 405.34651959 162.39482445 -14.73380843 -0.01855357 0.03577749 0.85822070 0.51169617
1654233036.54087806 404.32109600 164.22405621 -14.92264775 -0.01903972 0.03642252 0.85818224 0.51169730
1654233036.87518692 403.28130040 166.09014280 -15.10341258 -0.01906535 0.03754080 0.85828758 0.51143878
1654233037.20388198 402.22455525 167.95705792 -15.32337937 -0.01904261 0.03767769 0.85805092 0.51182653
1654233037.54140592 401.14194399 169.83795069 -15.54938376 -0.01862718 0.03817986 0.85788299 0.51208603
1654233037.87153292 400.03633341 171.74092719 -15.79245243 -0.01891625 0.03865672 0.85754620 0.51260350
1654233038.20730209 398.94744103 173.67312520 -16.06131010 -0.01841859 0.03793378 0.85758747 0.51260659
1654233038.53596401 397.84903390 175.63427426 -16.31178705 -0.01833343 0.03843550 0.85767679 0.51242279
1654233038.86847305 396.72711954 177.63429060 -16.57491041 -0.01822898 0.03829830 0.85777730 0.51226854
1654233039.20335793 395.58865058 179.65576005 -16.82334422 -0.01756155 0.03891653 0.85776636 0.51226357
1654233039.53338909 394.44132020 181.69969183 -17.07149775 -0.01779806 0.03919137 0.85795646 0.51191599
1654233039.86545396 393.28975613 183.75480981 -17.33241168 -0.01740535 0.03907811 0.85806077 0.51176329
1654233040.20071101 392.14367466 185.84110992 -17.60258289 -0.01630118 0.03918816 0.85847789 0.51109125
1654233040.53081489 390.94364352 187.94848610 -17.85597878 -0.01637240 0.03859344 0.85843531 0.51120574
1654233040.86940694 389.71770410 190.09226432 -18.12153026 -0.01620347 0.03844949 0.85859531 0.51095321
1654233041.20388007 388.49737505 192.24582833 -18.38676519 -0.01626022 0.03804229 0.85868902 0.51082438
1654233041.53420401 387.27387815 194.41745175 -18.65748780 -0.01610751 0.03789142 0.85879868 0.51065606
1654233041.86817193 386.03533306 196.60402159 -18.92294859 -0.01617016 0.03780487 0.85896047 0.51038831
1654233042.20222092 384.77937299 198.79446689 -19.18036653 -0.01651389 0.03651943 0.85889998 0.51057266
1654233042.53583789 383.54449456 200.97517651 -19.44595072 -0.01658640 0.03571723 0.85907808 0.51032736
1654233042.86223507 382.30811768 203.15248957 -19.71197112 -0.01673424 0.03555428 0.85922941 0.51007909
1654233043.19482708 381.05478418 205.34907826 -19.98306698 -0.01677496 0.03541437 0.85943384 0.50974297
1654233043.52567196 379.80878589 207.52456524 -20.25262754 -0.01619936 0.03478760 0.85929178 0.51004415
1654233043.85997105 378.55504874 209.70380493 -20.53126167 -0.01576729 0.03529419 0.85913664 0.51028417
1654233044.19425106 377.32265346 211.84297106 -20.79809932 -0.01574045 0.03598304 0.85888399 0.51066207
1654233044.52736592 376.08582696 213.99110921 -21.05143377 -0.01592604 0.03563111 0.85869639 0.51099637
1654233044.86068392 374.84251380 216.16714524 -21.28463105 -0.01624079 0.03563125 0.85870029 0.51097991
1654233045.19559097 373.60539035 218.33664975 -21.51764105 -0.01526604 0.03601429 0.85851610 0.51129251
1654233045.52946091 372.37726800 220.49459648 -21.76831412 -0.01527570 0.03567898 0.85861291 0.51115314
1654233045.86074090 371.20070084 222.55988049 -22.01770941 -0.01544596 0.03494961 0.85863765 0.51115686
1654233046.19729400 370.08479239 224.51609444 -22.24296453 -0.01536757 0.03478245 0.85869390 0.51107612
1654233046.52878809 369.00403377 226.40433985 -22.47053774 -0.01491286 0.03504314 0.85893191 0.51067168
1654233046.86203194 367.95439887 228.23083715 -22.68539461 -0.01481855 0.03376328 0.85924367 0.51023599
1654233047.19531202 366.92998919 230.00899723 -22.89087786 -0.01429615 0.03398314 0.85969606 0.50947370
1654233047.53130794 365.92406833 231.74471614 -23.09185714 -0.01383171 0.03312312 0.86051640 0.50815654
1654233047.94714499 364.72961781 233.81394800 -23.32445796 -0.01339479 0.03329670 0.86164702 0.50623741
1654233048.36669302 363.56237256 235.78739761 -23.55566449 -0.01267290 0.03322118 0.86223543 0.50525817
1654233048.77864599 362.45726811 237.64675812 -23.76050308 -0.01229440 0.03433525 0.86239724 0.50491677
1654233049.19417906 361.30546480 239.58785315 -23.98758940 -0.01229086 0.03430097 0.86268520 0.50442703
1654233049.60672212 360.20959147 241.42757640 -24.19873140 -0.01257551 0.03417860 0.86269195 0.50441677
1654233050.03110909 359.07674644 243.32870934 -24.42314206 -0.01245576 0.03328652 0.86287963 0.50415831
1654233050.44111705 357.89566755 245.30179434 -24.64963703 -0.01274970 0.03294708 0.86294153 0.50406731
1654233050.86491799 356.66841509 247.35555142 -24.89182212 -0.01220272 0.03338421 0.86300461 0.50394408
1654233051.27470708 355.42851699 249.40319674 -25.08699418 -0.01268274 0.03259262 0.86279295 0.50434631
1654233051.70078111 354.13546760 251.57342878 -25.29972737 -0.01240228 0.03323330 0.86289767 0.50413226
1654233052.02837300 353.04977777 253.40962738 -25.50776768 -0.01236862 0.03359437 0.86324947 0.50350650
1654233052.35819006 351.93361910 255.28862960 -25.71429620 -0.01236331 0.03374116 0.86356325 0.50295844
1654233052.69160295 350.79421459 257.20514111 -25.90286596 -0.01288655 0.03330644 0.86352190 0.50304528
1654233053.02702188 349.62284153 259.13249083 -26.11220056 -0.01283861 0.03361260 0.86340814 0.50322137
1654233053.35862494 348.45433908 261.07781678 -26.29254382 -0.01356117 0.03308969 0.86336167 0.50331680
1654233053.69281411 347.28116894 263.04730597 -26.46829858 -0.01430168 0.03289716 0.86341209 0.50322242
1654233054.03031206 346.09587778 265.04668124 -26.67689169 -0.01470304 0.03246610 0.86330725 0.50341868
1654233054.36135101 344.88564362 267.07910256 -26.90352052 -0.01551097 0.03206651 0.86320044 0.50360316
1654233054.69498992 343.68092175 269.12896535 -27.13936692 -0.01549290 0.03214211 0.86315079 0.50368399
1654233055.02972388 342.43539562 271.16181614 -27.36323376 -0.01595250 0.03048367 0.86312741 0.50381279
1654233055.36232495 341.19142163 273.22191052 -27.61231223 -0.01532186 0.03118418 0.86316510 0.50372493
1654233055.69648695 339.92871809 275.32618345 -27.86008775 -0.01514676 0.03106360 0.86312716 0.50380267
1654233056.03091788 338.64444116 277.48048467 -28.11398637 -0.01513989 0.03089227 0.86332787 0.50346940
1654233056.36314988 337.33015962 279.67046998 -28.37095534 -0.01509047 0.03098436 0.86344289 0.50326795
1654233056.69430900 336.00179062 281.89118019 -28.62733515 -0.01494684 0.03099953 0.86364621 0.50292230
1654233057.02746391 334.66080788 284.13573904 -28.89301441 -0.01458414 0.03130470 0.86387746 0.50251672
1654233057.36042190 333.31898348 286.37952215 -29.14422748 -0.01491587 0.03071182 0.86412116 0.50212441
1654233057.69417500 331.96442291 288.63077316 -29.40719465 -0.01496681 0.03069914 0.86437583 0.50168514
1654233058.02681589 330.60711994 290.85530459 -29.67603217 -0.01493998 0.03062367 0.86455963 0.50137374
1654233058.36475301 329.26953622 293.02556890 -29.90575487 -0.01503974 0.03094669 0.86463012 0.50122935
1654233058.69556403 327.94981954 295.23297050 -30.10394824 -0.01434507 0.03197713 0.86506753 0.50042966
1654233059.03011489 326.62180046 297.40847283 -30.38732316 -0.01346182 0.03248314 0.86566280 0.49939117
1654233059.36206889 325.30610421 299.52843504 -30.63083089 -0.01355704 0.03238128 0.86655027 0.49785368
1654233059.69680595 323.98696523 301.67432044 -30.81423208 -0.01447606 0.03237562 0.86744974 0.49625922
1654233060.03120399 322.68553296 303.78153064 -30.97003415 -0.01508433 0.03303299 0.86819448 0.49489356
1654233060.36140609 321.35032354 305.91129726 -31.17596523 -0.01583499 0.03215964 0.86879821 0.49386707
1654233060.69325089 320.01589501 308.04115834 -31.42265136 -0.01607711 0.03215896 0.86913760 0.49326176
1654233061.02813101 318.65218348 310.20375533 -31.68532365 -0.01578394 0.03220345 0.86933812 0.49291483
1654233061.36246610 317.28426118 312.35532995 -31.92915612 -0.01599374 0.03210767 0.86962314 0.49241130
1654233061.69406009 315.95928520 314.44452000 -32.17566011 -0.01516426 0.03138968 0.87000055 0.49181681
1654233062.02833605 314.60721576 316.57888239 -32.43756886 -0.01455367 0.03172538 0.87050081 0.49092773
1654233062.35934496 313.28557330 318.65993349 -32.66212432 -0.01512555 0.03072785 0.87158016 0.48905526
1654233062.69299603 311.97696126 320.70582268 -32.89972559 -0.01493104 0.03081476 0.87240705 0.48757917
1654233063.02543592 310.69052010 322.69378751 -33.13196294 -0.01413617 0.03123293 0.87288971 0.48671165
1654233063.35908604 309.46620027 324.58396556 -33.33926829 -0.01412127 0.03186901 0.87326512 0.48599690
1654233063.69331193 308.29505000 326.37618073 -33.53987766 -0.01397403 0.03130229 0.87355017 0.48552548
1654233064.02719808 307.16164881 328.10873796 -33.73887750 -0.01372518 0.03129231 0.87382479 0.48503881
1654233064.36143708 306.06381132 329.79009925 -33.92636978 -0.01341494 0.03128252 0.87409485 0.48456128
1654233064.78195691 304.74033790 331.82225969 -34.13392311 -0.01347069 0.03016415 0.87457356 0.48376621
1654233065.19407701 303.48479106 333.73672685 -34.34101432 -0.01338021 0.03000146 0.87471662 0.48352013
1654233065.61472106 302.29400270 335.54829417 -34.53347330 -0.01336877 0.02952653 0.87489690 0.48322342
1654233066.03050590 301.18769716 337.22798238 -34.71761963 -0.01337385 0.02825467 0.87491798 0.48326115
1654233066.52886009 299.95638004 339.11698807 -34.94902379 -0.01047533 0.03194185 0.87462845 0.48362698
1654233067.03141689 298.79489329 340.89195823 -35.08628559 -0.01023735 0.03179223 0.87465443 0.48359495
1654233067.52936411 297.59014540 342.70805422 -35.30116496 -0.01034558 0.03214393 0.87463574 0.48360321
1654233068.02936792 296.33229953 344.61494178 -35.50874550 -0.01026168 0.03202554 0.87455964 0.48375046
1654233068.45042896 295.19638186 346.34596810 -35.69816609 -0.01020549 0.03171885 0.87442164 0.48402124
1654233068.86269307 293.96332887 348.22235064 -35.90301471 -0.01017958 0.03137083 0.87434370 0.48418524
1654233069.27884793 292.66188468 350.21190746 -36.12467445 -0.01010289 0.03146419 0.87432839 0.48420843
1654233069.60891604 291.55426608 351.89741572 -36.25082656 -0.01086142 0.03034610 0.87433852 0.48424507
1654233069.94182301 290.38970854 353.64533520 -36.49031542 -0.00748135 0.03699600 0.87410370 0.48427063
1654233070.27395511 289.23376997 355.41847928 -36.66843230 -0.00765911 0.03692559 0.87410840 0.48426474
1654233070.60745811 288.03872459 357.23119212 -36.90526072 -0.00756178 0.03672264 0.87409695 0.48430237
1654233070.94372702 286.86634263 359.06181478 -37.07083184 -0.00784295 0.03672170 0.87421926 0.48407716
1654233071.27757692 285.67113599 360.88496911 -37.25854473 -0.00767156 0.03698000 0.87428631 0.48393912
1654233071.61142898 284.45437116 362.75984000 -37.46131302 -0.00697446 0.03759714 0.87424080 0.48398434
1654233071.95036101 283.19720897 364.66992305 -37.67693543 -0.00660615 0.03820021 0.87418709 0.48403929
1654233072.27954292 281.93873969 366.58934074 -37.86792626 -0.00654109 0.03779699 0.87425832 0.48394316
1654233072.61410189 280.64940860 368.54030192 -38.06484552 -0.00680225 0.03835916 0.87419637 0.48400725
1654233072.94814801 279.33419160 370.53612517 -38.28173743 -0.00692376 0.03807465 0.87419647 0.48402781
1654233073.28281808 277.98488910 372.59751509 -38.49524266 -0.00735348 0.03754786 0.87423190 0.48399863
1654233073.61130309 276.64529661 374.63185541 -38.70107659 -0.00792455 0.03677984 0.87406899 0.48434269
1654233073.95006609 275.26284429 376.72193394 -38.93417041 -0.00803529 0.03615037 0.87455261 0.48351455
1654233074.28369308 273.86004562 378.86537032 -39.16656143 -0.00824904 0.03578956 0.87421111 0.48415494
1654233074.61294198 272.44385150 381.03673798 -39.39765606 -0.00859749 0.03469701 0.87418676 0.48427234
1654233074.94669890 271.00544429 383.23564156 -39.61929119 -0.00928633 0.03325946 0.87413561 0.48445280
1654233075.27613306 269.56803537 385.43987961 -39.86158199 -0.00967115 0.03208616 0.87415257 0.48449378
1654233075.61136103 268.13503506 387.62605532 -40.11291601 -0.00938340 0.03223399 0.87416652 0.48446447
1654233075.94402599 266.71841476 389.78014563 -40.35287862 -0.00934693 0.03179381 0.87417145 0.48448536
1654233076.28042507 265.34213480 391.87712515 -40.59214626 -0.00987865 0.02991215 0.87444105 0.48410796
1654233076.61429000 264.02427519 393.92107350 -40.77542525 -0.01083172 0.02797028 0.87456494 0.48397986
1654233076.94613504 262.69676289 395.95534523 -40.97902056 -0.01125939 0.02705893 0.87486076 0.48348702
1654233077.28149199 261.37488895 397.98693653 -41.18305422 -0.01156242 0.02688346 0.87489295 0.48343140
1654233077.61520100 260.06435781 400.02202453 -41.34820607 -0.01155897 0.02790980 0.87541818 0.48242144
1654233077.94785595 258.73745548 402.05881758 -41.55460808 -0.01214491 0.02726881 0.87590771 0.48155435
1654233078.27849889 257.40667014 404.09382992 -41.77104795 -0.01250160 0.02675970 0.87628212 0.48089217
1654233078.61120391 256.06770893 406.14199591 -41.98703311 -0.01288336 0.02602055 0.87636245 0.48077626
1654233078.94422412 254.72600001 408.19889280 -42.18857113 -0.01337057 0.02621900 0.87641776 0.48065133
1654233079.27558398 253.38354001 410.24699878 -42.41878417 -0.01325219 0.02575494 0.87649635 0.48053638
1654233079.60756612 252.03656533 412.29234958 -42.65016042 -0.01320623 0.02569772 0.87657976 0.48038853
1654233079.94762206 250.65623553 414.35921358 -42.86069083 -0.01341589 0.02489660 0.87668507 0.48023271
1654233080.27553606 249.27828262 416.42221977 -43.09490308 -0.01323630 0.02484075 0.87672089 0.48017519
1654233080.61051297 247.88425829 418.46892953 -43.37583541 -0.01193062 0.02527960 0.87649762 0.48059393
1654233080.94309592 246.48631403 420.49966052 -43.55669654 -0.01222020 0.02509184 0.87619896 0.48114079
1654233081.27745605 245.10959764 422.52827441 -43.75995341 -0.01235149 0.02470107 0.87594190 0.48162546
1654233081.61329508 243.75966138 424.55470229 -43.97898285 -0.01243638 0.02438344 0.87590418 0.48170806
1654233081.94827604 242.40327182 426.59668440 -44.16647898 -0.01290872 0.02374367 0.87589012 0.48175315
1654233082.28060102 241.03658883 428.63576843 -44.34870302 -0.01326497 0.02287019 0.87568807 0.48215287
1654233082.61512804 239.67290198 430.68911401 -44.56995044 -0.01346470 0.02262945 0.87559666 0.48232468
1654233082.95046997 238.33028438 432.72696112 -44.78291260 -0.01369078 0.02115860 0.87554403 0.48248060
1654233083.28667903 236.99886613 434.76645830 -44.96012024 -0.01411961 0.02008795 0.87565518 0.48231226
1654233083.62236595 235.66088709 436.77989474 -45.10358146 -0.01539621 0.01727862 0.87549012 0.48268153
1654233083.95490098 234.32560145 438.80657285 -45.29083882 -0.01568268 0.01668187 0.87559881 0.48249612
1654233084.29491806 232.94984788 440.86971341 -45.49801724 -0.01588223 0.01606000 0.87550000 0.48268995
1654233084.61764789 231.59562668 442.92316679 -45.68588796 -0.01626973 0.01490450 0.87546736 0.48277330
1654233084.95691395 230.20976626 445.03252052 -45.88903606 -0.01715083 0.01371092 0.87569964 0.48235671
1654233085.28057194 228.82259935 447.12854070 -46.11315201 -0.01629955 0.01417622 0.87570603 0.48236118
1654233085.61780310 227.40059311 449.27104663 -46.33020844 -0.01636835 0.01256089 0.87606011 0.48176030
1654233085.94820595 226.01058852 451.36035022 -46.54401980 -0.01490642 0.01096223 0.87620991 0.48157431
1654233086.28543901 224.63323473 453.39531232 -46.73490826 -0.01544890 0.00881930 0.87621582 0.48159048
1654233086.62024403 223.26497646 455.45563920 -46.92606752 -0.01575277 0.00747395 0.87623419 0.48156998
1654233086.95261908 221.89385026 457.52029933 -47.11375609 -0.01596155 0.00602496 0.87627701 0.48150548
1654233087.28262997 220.54255813 459.55830880 -47.27785843 -0.01621877 0.00506738 0.87623689 0.48158093
1654233087.61657596 219.19687072 461.58374625 -47.42159601 -0.01665861 0.00408363 0.87610450 0.48181607
1654233087.95502305 217.84044204 463.63425742 -47.58706850 -0.01678015 0.00387488 0.87564459 0.48264891
1654233088.28984189 216.48099284 465.70442769 -47.77285642 -0.01670899 0.00252772 0.87582521 0.48233247
1654233088.63001490 215.12624571 467.75268346 -47.94860387 -0.01668187 0.00086141 0.87603682 0.48195484
1654233088.95585990 213.75907107 469.81677571 -48.13409054 -0.01680249 -0.00061874 0.87635006 0.48138121
1654233089.28878188 212.38068478 471.89531169 -48.30647281 -0.01695832 -0.00129867 0.87726826 0.47969900
1654233089.62408996 211.00961329 473.95991407 -48.47354644 -0.01719396 -0.00269965 0.87844135 0.47753312
1654233089.96136904 209.63909807 475.99850040 -48.64734746 -0.01699128 -0.00315585 0.87952871 0.47553190
1654233090.29252696 208.24726924 478.05098798 -48.80698793 -0.01698199 -0.00408362 0.88126164 0.47230589
1654233090.63289499 206.84540582 480.09440864 -48.98339259 -0.01676401 -0.00317995 0.88295042 0.46915606
1654233090.95434690 205.44059184 482.11003441 -49.15679176 -0.01673082 -0.00364798 0.88420322 0.46678843
1654233091.28107405 204.00819834 484.14203468 -49.33189371 -0.01672195 -0.00425250 0.88555612 0.46421187
1654233091.61533499 202.54306623 486.17564517 -49.51428205 -0.01669630 -0.00414880 0.88747197 0.46054047
1654233091.94845796 201.04920597 488.20043037 -49.68566011 -0.01700167 -0.00354614 0.88997170 0.45568492
1654233092.28088689 199.53884062 490.20563973 -49.86083746 -0.01721208 -0.00331225 0.89253879 0.45062988
1654233092.61662889 198.02586651 492.18498072 -50.04056830 -0.01688013 -0.00389640 0.89572698 0.44426687
1654233092.95049596 196.49205189 494.12632534 -50.21357591 -0.01714591 -0.00368074 0.89907944 0.43743414
1654233093.28883195 194.94366732 496.03818025 -50.39639216 -0.01641355 -0.00396459 0.90191961 0.43157375
1654233093.62178206 193.41034455 497.86861604 -50.51281465 -0.01682459 -0.00397253 0.90387925 0.42743824
1654233093.96309495 191.83584359 499.72183549 -50.66628078 -0.01635196 -0.00314937 0.90583647 0.42330011
1654233094.28962398 190.25137729 501.55687138 -50.79111563 -0.01619593 -0.00186578 0.90710604 0.42058631
1654233094.62351990 188.63266591 503.40238293 -50.97221650 -0.01590565 -0.00151779 0.90735392 0.42006376
1654233094.96069789 186.98560831 505.26582988 -51.14057744 -0.01602308 -0.00181961 0.90752973 0.41967814
1654233095.28822994 185.38597888 507.04996146 -51.31060785 -0.01491027 -0.00153773 0.90788467 0.41895197
1654233095.62388396 183.78496064 508.82600712 -51.48680934 -0.01401065 -0.00031793 0.90851166 0.41762444
1654233095.95465112 182.18138757 510.63276278 -51.65926535 -0.01315904 0.00102506 0.90960440 0.41526573
1654233096.28931689 180.53231428 512.45088989 -51.82050965 -0.01302254 0.00127772 0.91057399 0.41313895
1654233096.62227392 178.87940259 514.26789294 -51.96759319 -0.01319276 0.00200077 0.91131105 0.41150226
1654233096.95794892 177.18372568 516.11605851 -52.13449560 -0.01302531 0.00213590 0.91199592 0.40998685
1654233097.29044890 175.45165804 517.98532035 -52.30672943 -0.01278038 0.00194395 0.91261074 0.40862515
1654233097.62131190 173.74018791 519.81393747 -52.46629826 -0.01286373 0.00149278 0.91310314 0.40752295
1654233097.95612788 172.03364764 521.64627520 -52.62503800 -0.01287492 0.00119146 0.91367658 0.40623629
1654233098.29002690 170.34467679 523.44939778 -52.77738328 -0.01274658 0.00015398 0.91419120 0.40508266
1654233098.62199807 168.60215416 525.29781314 -52.93773532 -0.01245991 -0.00047393 0.91449098 0.40441410
1654233098.95909595 166.92673188 527.09829977 -53.07372746 -0.01242570 -0.00067546 0.91493054 0.40341946
1654233099.29255390 165.21169065 528.91598414 -53.23190641 -0.01209809 -0.00021472 0.91498380 0.40330910
1654233099.62627506 163.47806308 530.74305130 -53.38381992 -0.01192995 -0.00023054 0.91491199 0.40347699
1654233099.97119093 161.82518294 532.49804687 -53.52308266 -0.01159464 0.00005732 0.91486234 0.40359939
1654233100.29283810 160.18704146 534.22783210 -53.66893949 -0.01103308 0.00047736 0.91471317 0.40395280
1654233100.62548089 158.57883794 535.92990223 -53.81239686 -0.01100543 0.00028081 0.91468997 0.40400626
1654233100.96628308 157.10780070 537.50338884 -53.92731071 -0.01109491 0.00004077 0.91470540 0.40396897
1654233101.29292607 155.64750668 539.04441289 -54.05077814 -0.01142853 -0.00075221 0.91456326 0.40428067
1654233101.63177609 154.22397372 540.55900200 -54.17966052 -0.01141876 -0.00076789 0.91448918 0.40444848
1654233101.95973802 152.85209533 542.01790476 -54.28895338 -0.01151399 -0.00113256 0.91441805 0.40460571
1654233102.37252092 151.17963816 543.78949930 -54.42564668 -0.01142788 -0.00142197 0.91378488 0.40603519
1654233102.79859400 149.59048567 545.48724584 -54.55979916 -0.01114987 -0.00193193 0.91320902 0.40733431
1654233103.20375896 148.08784323 547.09941161 -54.70344734 -0.01044756 -0.00123419 0.91288040 0.40809153
1654233103.63243699 146.67917911 548.61517922 -54.81791247 -0.01011172 -0.00123493 0.91246759 0.40902215
1654233104.13290501 145.05415492 550.36376923 -54.96764744 -0.00971414 -0.00157182 0.91207351 0.40990863
1654233104.62653804 143.48856022 552.05652545 -55.11171363 -0.00979860 -0.00153108 0.91220573 0.40961244
1654233105.12505698 141.92567047 553.74492688 -55.25604872 -0.00941909 -0.00118757 0.91235977 0.40927927
1654233105.53628206 140.55108611 555.22842115 -55.38234294 -0.00905060 -0.00076578 0.91253608 0.40889535
1654233105.95572901 139.11993425 556.77352702 -55.50133498 -0.00899733 -0.00110191 0.91288179 0.40812334
1654233106.36746192 137.60331805 558.40421959 -55.63820508 -0.00891258 -0.00123149 0.91312417 0.40758226
1654233106.78835797 136.02420691 560.09614014 -55.78101505 -0.00886519 -0.00136726 0.91320845 0.40739400
1654233107.20399809 134.36890648 561.87025620 -55.93336106 -0.00846763 -0.00127601 0.91335012 0.40708504
1654233107.53664088 132.99393621 563.33312524 -56.04052705 -0.00850477 -0.00131323 0.91343540 0.40689275
1654233107.86840391 131.58032991 564.84397481 -56.16604934 -0.00850558 -0.00150938 0.91367590 0.40635173
1654233108.20168996 130.14123128 566.37638338 -56.28527387 -0.00930222 -0.00262458 0.91369603 0.40628334
1654233108.52958107 128.66791456 567.95660788 -56.42407888 -0.00916034 -0.00223175 0.91379560 0.40606491
1654233108.86593199 127.16544431 569.56363838 -56.54492214 -0.00948624 -0.00313386 0.91392414 0.40576207
1654233109.19934011 125.62740854 571.19672290 -56.69026208 -0.00965038 -0.00347827 0.91400367 0.40557622
1654233109.53501797 124.05999676 572.85887187 -56.81167260 -0.01001184 -0.00446896 0.91411838 0.40529913
1654233109.86973810 122.45650248 574.55786143 -56.95308531 -0.00983367 -0.00420080 0.91416480 0.40520165
1654233110.19996500 120.82728984 576.29551033 -57.12108306 -0.00932558 -0.00396954 0.91439295 0.40470089
1654233110.53442502 119.18492330 578.03844548 -57.28642318 -0.00927122 -0.00439437 0.91443634 0.40459970
1654233110.86603594 117.52372487 579.78164588 -57.39664448 -0.00976023 -0.00396843 0.91427232 0.40496311
1654233111.19638300 115.84412328 581.53854120 -57.51382607 -0.01004828 -0.00420368 0.91416297 0.40520049
1654233111.52889895 114.16808438 583.30401378 -57.63561446 -0.01032317 -0.00462313 0.91406632 0.40540698
1654233111.86433601 112.51633804 585.04813839 -57.76723446 -0.01023990 -0.00461098 0.91395988 0.40564915
1654233112.19902396 110.84986939 586.81940398 -57.88192190 -0.01036368 -0.00454986 0.91381882 0.40596434
1654233112.52958989 109.11414360 588.66575114 -58.01769081 -0.01047181 -0.00461667 0.91369051 0.40624952
1654233112.86470294 107.36431974 590.51087475 -58.17209137 -0.01053840 -0.00466149 0.91339842 0.40690359
1654233113.19613791 105.65426801 592.31382012 -58.30900396 -0.01082457 -0.00441055 0.91331935 0.40707632
1654233113.53073096 103.96389489 594.14617236 -58.45078258 -0.01086164 -0.00422223 0.91353572 0.40659155
1654233113.86624408 102.25771380 596.00229979 -58.57118292 -0.01105203 -0.00456280 0.91370514 0.40620187
1654233114.19676995 100.52539060 597.87131699 -58.70380075 -0.01134988 -0.00503136 0.91401489 0.40549063
1654233114.52920604 98.78870442 599.74393754 -58.83366492 -0.01165395 -0.00541733 0.91427054 0.40490026
1654233114.86016202 97.10127889 601.57286376 -58.92339454 -0.01238627 -0.00606616 0.91445605 0.40445014
1654233115.19784498 95.40495467 603.40640479 -59.05079808 -0.01284386 -0.00670303 0.91458646 0.40413082
1654233115.53476095 93.74657603 605.18608727 -59.15702172 -0.01298701 -0.00721930 0.91469223 0.40387787
1654233115.86749792 92.05995828 606.97088986 -59.27997042 -0.01289699 -0.00737617 0.91457524 0.40414277
1654233116.19813204 90.38088831 608.75874831 -59.41365688 -0.01280079 -0.00817067 0.91432893 0.40468751
1654233116.53173995 88.66527568 610.57954435 -59.55416731 -0.01299908 -0.00858534 0.91402717 0.40535374
1654233116.86581302 86.94012472 612.40790258 -59.69449488 -0.01265172 -0.01006116 0.91381466 0.40580966
1654233117.19774389 85.23148106 614.23502758 -59.84239491 -0.01228344 -0.01032825 0.91376793 0.40591947
1654233117.53473306 83.57131008 616.01809124 -59.98058887 -0.01206860 -0.01128680 0.91365374 0.40615737
1654233117.87273598 81.91072007 617.80622304 -60.11986825 -0.01187755 -0.01155326 0.91369784 0.40605628
1654233118.19801092 80.25064633 619.58438399 -60.24724256 -0.01195925 -0.01237160 0.91368526 0.40605809
1654233118.52888608 78.59371077 621.35355633 -60.38165231 -0.01165761 -0.01258496 0.91333178 0.40685474
1654233118.86894703 76.94762428 623.11783537 -60.50909339 -0.01145431 -0.01334984 0.91296405 0.40766068
1654233119.19940400 75.29901063 624.89497669 -60.64411868 -0.01105028 -0.01378249 0.91312689 0.40729254
1654233119.53220105 73.65159401 626.66167883 -60.76572266 -0.01085810 -0.01417977 0.91330233 0.40689052
1654233119.86944103 72.00849937 628.43176419 -60.88677438 -0.01098861 -0.01460332 0.91325478 0.40697875
1654233120.19965410 70.38813318 630.17505099 -61.01406077 -0.01025351 -0.01423937 0.91337480 0.40674141
1654233120.53160596 68.75648916 631.92465897 -61.13659657 -0.00916900 -0.01373899 0.91337779 0.40677782
1654233120.86648202 67.12910004 633.66972991 -61.26457898 -0.00745033 -0.01289192 0.91338537 0.40682362
1654233121.19832897 65.51516495 635.41217399 -61.37725649 -0.00675421 -0.01288966 0.91352280 0.40652715
1654233121.53103495 63.87056626 637.19064187 -61.47558501 -0.00695054 -0.01411902 0.91357478 0.40636617
1654233121.86987400 62.26693892 638.89666941 -61.58394181 -0.00615964 -0.01375898 0.91353926 0.40647111
1654233122.20346594 60.62900367 640.62606935 -61.68806932 -0.00614687 -0.01419716 0.91356367 0.40640138
1654233122.53330588 58.97330571 642.36932937 -61.79552262 -0.00554553 -0.01382119 0.91351265 0.40653766
1654233122.86661601 57.28769210 644.14753574 -61.88850794 -0.00569759 -0.01397810 0.91356174 0.40641985
1654233123.20147991 55.54635542 646.00255251 -62.00385784 -0.00522570 -0.01357378 0.91376277 0.40598775
1654233123.53537297 53.87456725 647.78964354 -62.12251330 -0.00433867 -0.01269991 0.91397087 0.40555781
1654233123.87257290 52.19813844 649.59510246 -62.21135590 -0.00349133 -0.01169122 0.91416168 0.40516608
1654233124.20250702 50.53223100 651.40316280 -62.31314219 -0.00259454 -0.01050322 0.91449177 0.40445984
1654233124.53499198 48.88288183 653.20291082 -62.40450310 -0.00174129 -0.01048999 0.91463549 0.40413963
1654233124.87019897 47.18807499 655.01138445 -62.48658415 -0.00105523 -0.00989933 0.91505685 0.40320200
1654233125.20625591 45.48363313 656.81412717 -62.57322150 -0.00021527 -0.00939415 0.91516148 0.40297788
1654233125.53717899 43.73817123 658.64968838 -62.66554445 -0.00030243 -0.00967925 0.91539014 0.40245138
1654233125.86902308 41.99982528 660.47710763 -62.76590393 -0.00013531 -0.00977243 0.91557261 0.40203392
1654233126.20292592 40.30805073 662.23521182 -62.87749469 0.00116047 -0.00920416 0.91607276 0.40090477
1654233126.53792310 38.62227560 663.96842452 -62.91616707 0.00255451 -0.00761777 0.91683930 0.39917558
1654233126.87043095 36.93780725 665.67476961 -62.98962273 0.00292621 -0.00723952 0.91718581 0.39838324
1654233127.20363998 35.23129902 667.40556485 -63.02575862 0.00279879 -0.00686978 0.91724351 0.39825785
1654233127.53386497 33.50489177 669.16004192 -63.05315299 0.00256204 -0.00623916 0.91707410 0.39865977
1654233127.86897111 31.77204340 670.91849350 -63.15363280 0.00231275 -0.00652644 0.91665182 0.39962671
1654233128.20221806 30.02871401 672.70834189 -63.23485380 0.00230936 -0.00655993 0.91557563 0.40208568
1654233128.53723192 28.28515621 674.51733221 -63.30353013 0.00237559 -0.00627361 0.91289564 0.40813791
1654233128.87045503 26.57220365 676.34494304 -63.39071117 0.00202857 -0.00694571 0.90897701 0.41678344
1654233129.20330310 24.87886645 678.24238981 -63.39653058 0.00205700 -0.00597945 0.90456109 0.42629713
1654233129.53792691 23.22456060 680.19656741 -63.45465820 0.00202685 -0.00604843 0.89924804 0.43739259
1654233129.86949110 21.62210725 682.19696435 -63.53297626 0.00230049 -0.00592342 0.89395311 0.44811545
1654233130.20285892 20.07536894 684.20206114 -63.62236920 0.00243330 -0.00619784 0.88845919 0.45890732
1654233130.53720403 18.63342642 686.17969719 -63.69082624 0.00253284 -0.00662501 0.88302920 0.46926445
1654233130.87746406 17.32740361 688.06507957 -63.75122557 0.00249841 -0.00686058 0.87796458 0.47866992
1654233131.20289207 16.07877223 689.95759031 -63.82154154 0.00238081 -0.00742196 0.87336028 0.48701239
1654233131.53754210 14.91795088 691.80955833 -63.87065286 0.00233009 -0.00818277 0.86834695 0.49588424
1654233131.87524605 13.83032978 693.61215650 -63.91724534 0.00206917 -0.00921475 0.86301185 0.50509539
1654233132.20557499 12.80222880 695.39304906 -63.96905925 0.00173925 -0.01052204 0.85735982 0.51460703
1654233132.53878307 11.83006197 697.16010642 -64.02437073 0.00157983 -0.01148571 0.85195183 0.52349179
1654233132.95594811 10.72048301 699.29181852 -64.08996456 0.00169609 -0.01235278 0.84558520 0.53369486
1654233133.37127709 9.69859280 701.36047209 -64.15378168 0.00162192 -0.01365709 0.84002495 0.54237343
1654233133.78798199 8.74312353 703.40393852 -64.21755369 0.00199012 -0.01416610 0.83535974 0.54951748
1654233134.20163798 7.83989507 705.40627281 -64.28193704 0.00239446 -0.01534628 0.82972339 0.55795865
1654233134.62393904 7.02369280 707.32714397 -64.33267650 0.00274159 -0.01611529 0.82528260 0.56448332
1654233135.12322688 6.12864871 709.53980873 -64.37596258 0.00316817 -0.01675016 0.81909986 0.57339761
1654233135.62831211 5.27671953 711.77057680 -64.46058913 0.00333914 -0.01746870 0.81332141 0.58154275
1654233136.12536407 4.52665550 713.89398916 -64.46571667 0.00229665 -0.01800445 0.80710103 0.59013430
1654233136.53534889 3.89545992 715.79966378 -64.50470598 0.00239653 -0.01854162 0.80208086 0.59692274
1654233136.96518397 3.26776618 717.83536935 -64.50963951 0.00246399 -0.01860452 0.79692047 0.60379266
1654233137.36644101 2.62197120 720.02069590 -64.54769542 0.00326659 -0.01860753 0.79094787 0.61159182
1654233137.79148006 1.99508821 722.33333640 -64.58786033 0.00417631 -0.01883071 0.78395704 0.62051537
1654233138.12465191 1.50658707 724.30429333 -64.61318819 0.00433558 -0.01932755 0.77761961 0.62842294
1654233138.45712090 1.04643259 726.36537662 -64.63839425 0.00465589 -0.01961147 0.77088906 0.63665043
1654233138.79158092 0.60283144 728.51754106 -64.66114161 0.00522278 -0.01988650 0.76410300 0.64476651
1654233139.12523103 0.17691339 730.80867669 -64.68068682 0.00527526 -0.02067172 0.75695945 0.65311350
1654233139.45629597 -0.20467541 733.16980781 -64.70346355 0.00559677 -0.02100742 0.74987300 0.66122451
1654233139.79196596 -0.53467991 735.51770051 -64.71761974 0.00588766 -0.02214084 0.74257684 0.66936892
1654233140.13622594 -0.82770602 737.92187359 -64.73580904 0.00560412 -0.02357132 0.73487817 0.67776623
1654233140.45955992 -1.06609475 740.42115455 -64.74898846 0.00542718 -0.02424545 0.72745113 0.68570953
1654233140.78923297 -1.24445563 742.91753560 -64.75677445 0.00544310 -0.02463648 0.72086767 0.69261333
1654233141.12375212 -1.38293113 745.49661185 -64.76134711 0.00550541 -0.02536595 0.71418665 0.69947386
1654233141.45458698 -1.46041198 748.08505100 -64.76390837 0.00560702 -0.02610857 0.70761414 0.70609428
1654233141.79068708 -1.49300438 750.73444425 -64.75259168 0.00571410 -0.02626575 0.70105498 0.71260043
1654233142.11824298 -1.48101326 753.36274114 -64.73874290 0.00594734 -0.02565128 0.69542584 0.71811527
1654233142.44870400 -1.42405415 755.98889608 -64.74142546 0.00575314 -0.02654823 0.69005820 0.72324393
1654233142.77913594 -1.33553064 758.61118248 -64.73818337 0.00582558 -0.02708853 0.68494428 0.72806841
1654233143.11086798 -1.21118781 761.20540675 -64.72942061 0.00568163 -0.02790655 0.67914249 0.73345376
1654233143.44617200 -1.04876326 763.80934175 -64.72291732 0.00586626 -0.02818180 0.67234615 0.73967697
1654233143.78830695 -0.83980086 766.39088438 -64.70485177 0.00608899 -0.02837496 0.66553341 0.74580363
1654233144.11629200 -0.57125735 768.96669551 -64.66979525 0.00570827 -0.02917660 0.65924326 0.75134178
1654233144.44825292 -0.26983432 771.51859588 -64.62266996 0.00518229 -0.02992461 0.65395018 0.75592779
1654233144.77749491 0.06608257 774.05352334 -64.60636243 0.00554134 -0.03009735 0.65013018 0.75920629
1654233145.10864997 0.42756078 776.58615834 -64.58409464 0.00535042 -0.03038279 0.64641185 0.76236473
1654233145.44004989 0.81301569 779.14040680 -64.55947445 0.00533788 -0.03060074 0.64295555 0.76527333
1654233145.77389002 1.21744642 781.69057038 -64.51959395 0.00529572 -0.03054441 0.63886335 0.76869540
1654233146.10466504 1.64656470 784.22013854 -64.49027787 0.00487151 -0.03129087 0.63500043 0.77186243
1654233146.43767309 2.11273806 786.75379901 -64.47258984 0.00501796 -0.03157059 0.63128905 0.77488854
1654233146.77117896 2.60147507 789.26809208 -64.44294830 0.00552115 -0.03132416 0.62762642 0.77786463
1654233147.10800910 3.13345391 791.77513825 -64.40430525 0.00598667 -0.03120036 0.62462469 0.78027860
1654233147.43617511 3.67530493 794.25167745 -64.37958266 0.00595864 -0.03126063 0.62207130 0.78231360
1654233147.77368689 4.20988834 796.74541250 -64.34239502 0.00572075 -0.03198352 0.62047529 0.78355264
1654233148.10648298 4.75969184 799.23142691 -64.29603140 0.00521945 -0.03238227 0.62061426 0.78342969
1654233148.43642998 5.30580533 801.72538649 -64.33526292 0.00857301 -0.03051866 0.62096013 0.78320089
1654233148.77138209 5.84531886 804.22326280 -64.28180052 0.00722087 -0.03193599 0.62112103 0.78303040
1654233149.10352802 6.38258824 806.73814458 -64.24322552 0.00713852 -0.03197806 0.62141894 0.78279304
1654233149.43767405 6.90421074 809.30055712 -64.27441503 0.01139087 -0.02964918 0.62221846 0.78219906
1654233149.77007604 7.44252657 811.79696800 -64.23712992 0.01118610 -0.02986283 0.62434376 0.78049853
1654233150.10353088 7.96917064 814.25604233 -64.19155153 0.01113370 -0.02973860 0.62682619 0.77851177
1654233150.43556190 8.47117744 816.72653695 -64.16292024 0.01202242 -0.02925250 0.62957739 0.77629380
1654233150.77278709 8.95869130 819.16556753 -64.12192824 0.01253245 -0.02888355 0.63244515 0.77396500
1654233151.10522389 9.41131963 821.60274310 -64.04601956 0.01239620 -0.02798736 0.63516591 0.77176895
1654233151.43631101 9.85260245 824.08504915 -64.02108485 0.01329367 -0.02763348 0.63708218 0.77018567
1654233151.76847196 10.27930300 826.56411228 -63.99033706 0.01390976 -0.02725717 0.63844683 0.76905736
1654233152.10276508 10.70753086 829.01992558 -63.96235642 0.01552351 -0.02669090 0.64039731 0.76742290
1654233152.44171810 11.13275482 831.47694415 -63.90889438 0.01712763 -0.02603229 0.64264861 0.76552710
1654233152.77328110 11.52316047 833.93947724 -63.82666363 0.01676550 -0.02649126 0.64460110 0.76387600
1654233153.10958290 11.89453724 836.41937764 -63.78643303 0.01753501 -0.02659825 0.64644211 0.76229762
1654233153.43683791 12.24159959 838.75897010 -63.72515639 0.01699182 -0.02702126 0.64787980 0.76107351
1654233153.76932001 12.54938620 840.99450011 -63.66833282 0.01681634 -0.02742796 0.64840605 0.76061456
1654233154.10526705 12.83946555 843.13130823 -63.61743724 0.01748871 -0.02742992 0.64872002 0.76033156
1654233154.43973088 13.13126520 845.18969578 -63.58093696 0.01919000 -0.02769679 0.64878749 0.76022328
1654233154.77240205 13.41568904 847.19353122 -63.53830324 0.02082810 -0.02738449 0.64879512 0.76018496
1654233155.19016194 13.75687747 849.56714223 -63.47299045 0.02159671 -0.02740291 0.64812114 0.76073757
1654233155.60582089 14.07495092 851.79095133 -63.41486255 0.02392536 -0.02673582 0.64840428 0.76045031
1654233156.02483511 14.37277135 853.92786481 -63.35483285 0.02438576 -0.02667066 0.64906489 0.75987418
1654233156.44520497 14.64808537 855.93362784 -63.29958922 0.02560509 -0.02687482 0.65091290 0.75824437
1654233156.94034505 14.95769974 858.27208106 -63.22816656 0.02535742 -0.02780598 0.65226448 0.75705672
1654233157.44382310 15.25457235 860.64184854 -63.17423230 0.02672647 -0.02727361 0.65495829 0.75469960
1654233157.94077611 15.53325193 862.99871302 -63.08061109 0.02485264 -0.02812203 0.65862493 0.75153489
1654233158.36201811 15.76811602 865.14770414 -63.01883185 0.02478242 -0.02840476 0.66064889 0.74974799
1654233158.77795100 16.00980751 867.38364992 -62.94236277 0.02588819 -0.02837978 0.66271826 0.74788295
1654233159.19494891 16.24736408 869.75373612 -62.86491439 0.02811605 -0.02758357 0.66577680 0.74511066
1654233159.61499095 16.47005475 872.24027117 -62.78477570 0.02950209 -0.02791016 0.67038131 0.74090455
1654233159.94920492 16.63229552 874.31941114 -62.70787586 0.02950004 -0.02808729 0.67295982 0.73855666
1654233160.27618790 16.78242289 876.46383597 -62.63075020 0.03032580 -0.02720682 0.67564815 0.73609763
1654233160.60613203 16.91212673 878.65370086 -62.52990277 0.03035953 -0.02771152 0.67808193 0.73383600
1654233160.94314909 17.00561946 880.91824443 -62.40168690 0.02973001 -0.02795947 0.67967368 0.73237837
1654233161.27338099 17.10999508 883.17659587 -62.25923288 0.03063532 -0.02704933 0.68143389 0.73073775
1654233161.60748911 17.17490956 885.43065926 -62.15150111 0.03128756 -0.02650208 0.68351118 0.72878749
1654233161.94057703 17.26822018 887.76228280 -62.06878445 0.03121475 -0.02640493 0.68722745 0.72529088
1654233162.27642488 17.34404485 890.12588015 -61.96850288 0.03112242 -0.02649678 0.69134965 0.72136327
1654233162.60892200 17.39218837 892.53915781 -61.86349977 0.03194785 -0.02628473 0.69571034 0.71713009
1654233162.94222999 17.41004474 894.99513387 -61.77145237 0.03308832 -0.02584026 0.70072564 0.71219451
1654233163.27788901 17.37985094 897.44987048 -61.66230356 0.03313381 -0.02614897 0.70622907 0.70672405
1654233163.62022305 17.31075220 899.92270176 -61.53544323 0.03284065 -0.02604415 0.71265498 0.70026143
1654233163.94969106 17.18670485 902.44240671 -61.42739004 0.03223787 -0.02619515 0.72095328 0.69173759
1654233164.27425790 16.99831199 905.02256767 -61.32384961 0.03355737 -0.02617570 0.72834096 0.68389193
1654233164.60719299 16.74975092 907.60931096 -61.22594704 0.03424794 -0.02596020 0.73558278 0.67607035
1654233164.85781097 16.53380395 909.59876776 -61.13813015 0.03426041 -0.02580591 0.74041235 0.67078299
1654233165.10892797 16.29261728 911.60823843 -61.05949488 0.03460457 -0.02588322 0.74534231 0.66527996
1654233165.36126804 16.03000931 913.60525700 -60.98687233 0.03480320 -0.02545163 0.75022465 0.65977566
1654233165.77287889 15.64785474 916.24340174 -60.95651827 0.03604195 -0.02508046 0.75897921 0.64963259
1654233166.02216911 15.29439050 918.23039319 -60.94439558 0.03667986 -0.02543753 0.76417564 0.64346181
1654233166.35906506 14.84277821 920.76445111 -60.84292291 0.03654871 -0.02536979 0.77092204 0.63537372
1654233166.68831491 14.27970234 923.14074667 -60.67672828 0.03609573 -0.02488438 0.77688577 0.62811334
1654233167.01972008 13.68046129 925.50094819 -60.59938081 0.03689538 -0.02577141 0.78235799 0.62120089
1654233167.35519290 13.07663202 927.71211133 -60.28898630 0.03587340 -0.02401767 0.78766889 0.61458439
1654233167.68911290 12.39616091 929.95752498 -60.14040366 0.03530827 -0.02375850 0.79290612 0.60785586
1654233168.02370501 11.72044173 932.18765319 -60.09107591 0.04077096 -0.01909797 0.79887324 0.59981209
1654233168.35730696 11.01223579 934.40832659 -59.95687272 0.03956013 -0.02075966 0.80420624 0.59266884
1654233168.69155788 10.26645763 936.59640182 -59.82878995 0.03924391 -0.02066418 0.80928897 0.58573396
1654233169.02712011 9.48626187 938.73161387 -59.68567835 0.03921694 -0.02035595 0.81419962 0.57890124
1654233169.36054397 8.69247026 940.84567447 -59.57053225 0.03921563 -0.02005725 0.81888629 0.57226313
1654233169.69910312 7.87274436 942.93786783 -59.47031193 0.03943523 -0.01969671 0.82318099 0.56606533
1654233170.02478504 7.06346044 944.93493017 -59.38264386 0.04043406 -0.01896503 0.82660256 0.56101125
1654233170.36301899 6.24287777 946.90204848 -59.29256227 0.04106750 -0.01891506 0.82899985 0.55741809
1654233170.69415402 5.39379274 948.85079852 -59.20646771 0.04184690 -0.01879913 0.83170823 0.55331443
1654233171.02780390 4.52785217 950.77508389 -59.10610757 0.04262121 -0.01856599 0.83410710 0.54963996
1654233171.36287689 3.64436086 952.69298508 -58.99887035 0.04337643 -0.01826924 0.83702435 0.54513755
1654233171.69490910 2.76437753 954.57870829 -58.89393786 0.04413205 -0.01788161 0.84033621 0.53997006
1654233172.02664995 1.87504076 956.42070717 -58.79304003 0.04504589 -0.01737041 0.84313653 0.53552771
1654233172.35981798 0.96748820 958.24885388 -58.67722309 0.04582028 -0.01691222 0.84577958 0.53129219
1654233172.69090891 0.04608504 960.05019110 -58.57114327 0.04605662 -0.01681864 0.84759102 0.52837997
1654233173.02853203 -0.87690969 961.82965746 -58.46220431 0.04703425 -0.01625449 0.84901791 0.52601535
1654233173.44513893 -2.04097819 964.04172410 -58.32072895 0.04695881 -0.01687202 0.84942242 0.52534917
1654233173.85973811 -3.17079851 966.18678204 -58.17375890 0.04768829 -0.01708866 0.84918627 0.52565814
1654233174.27789211 -4.27954252 968.30420518 -58.03249771 0.04829094 -0.01652051 0.84903489 0.52586578
1654233174.69365501 -5.37913932 970.39519249 -57.88260165 0.04846619 -0.01637885 0.84888797 0.52609122
1654233175.11640096 -6.46535172 972.48984478 -57.74277726 0.04989768 -0.01524547 0.84905222 0.52572629
1654233175.53016591 -7.53881852 974.55450152 -57.60155021 0.05028314 -0.01530836 0.84998862 0.52417231
1654233175.94443297 -8.60610668 976.57219760 -57.45428480 0.05040764 -0.01563457 0.85305193 0.51915030
1654233176.36180806 -9.65913865 978.51239239 -57.30542596 0.05040007 -0.01574009 0.85656610 0.51332894
1654233176.77466297 -10.72927425 980.41062036 -57.18178073 0.05089547 -0.01631789 0.86027149 0.50702696
1654233177.19342303 -11.80947012 982.26508240 -57.05511504 0.05171070 -0.01596927 0.86386942 0.50079997
1654233177.60882592 -12.88384402 984.05357862 -56.92227293 0.05223767 -0.01560220 0.86734804 0.49470716
1654233178.02738190 -14.00252933 985.84901771 -56.79313087 0.05226109 -0.01592837 0.87117439 0.48792443
1654233178.44170189 -15.10134984 987.55433648 -56.66510993 0.05226573 -0.01614986 0.87436995 0.48216664
1654233178.86039591 -16.30414439 989.36485435 -56.52947115 0.05246948 -0.01618668 0.87816714 0.47519199
1654233179.27577591 -17.59431340 991.24287944 -56.38293734 0.05282499 -0.01571569 0.88204708 0.46792679
1654233179.69313693 -18.99689214 993.20043811 -56.21517618 0.05287965 -0.01638540 0.88639004 0.45961719
1654233180.02799797 -20.18960931 994.80389137 -56.07855453 0.05309969 -0.01665762 0.89002886 0.45249483
1654233180.36190701 -21.44216491 996.42597715 -55.94206538 0.05345660 -0.01686988 0.89439691 0.44374764
1654233180.68952489 -22.76130410 998.05967812 -55.80204446 0.05375015 -0.01696139 0.89817940 0.43600114
1654233181.01920700 -24.14126119 999.71768364 -55.65754389 0.05354443 -0.01722084 0.90171076 0.42866555
1654233181.35358405 -25.55926165 1001.36585582 -55.51451307 0.05303704 -0.01786690 0.90510520 0.42148834
