# timestamp tx ty tz qx qy qz qw
1654229295.45149398 0.00000000 0.00000000 -0.00000000 0.00000000 0.00000000 0.00000000 1.00000000
1654229305.27811003 2.16545704 0.03081803 -0.01663019 0.00092638 -0.00018682 0.00145720 0.99999849
1654229306.10679412 4.38227383 0.07885250 -0.11168564 0.00132142 -0.00039563 0.00114682 0.99999839
1654229306.77365804 6.47703076 0.16648260 -0.20883441 0.00109902 -0.00062174 -0.00024555 0.99999917
1654229307.35110903 8.63441496 0.21128367 -0.30821955 0.00116727 -0.00096630 -0.00397902 0.99999094
1654229307.94317293 10.81257162 0.23015978 -0.39246149 0.00151951 -0.00141940 -0.00892151 0.99995804
1654229308.44235492 12.86578078 0.22964147 -0.48386877 0.00224597 -0.00209867 -0.01139113 0.99993039
1654229308.93900895 14.99195905 0.22751228 -0.56845993 0.00192781 -0.00224760 -0.01370340 0.99990172
1654229309.43628812 17.08280450 0.20603695 -0.65248143 0.00002463 -0.00318586 -0.01532239 0.99987753
1654229309.93520188 19.23210622 0.18114768 -0.73591259 0.00025308 -0.00311464 -0.01720865 0.99984704
1654229310.43455100 21.43467898 0.14249960 -0.81684054 -0.00120277 -0.00320948 -0.01957259 0.99980256
1654229310.93770909 23.70598834 0.09622288 -0.90778441 -0.00101827 -0.00324893 -0.02246810 0.99974176
1654229311.43603206 25.97461269 0.03536516 -0.98974337 -0.00163036 -0.00338846 -0.02471581 0.99968745
1654229311.93643093 28.29011122 -0.02660589 -1.08254539 -0.00169881 -0.00357389 -0.02646331 0.99964195
1654229312.43642902 30.64039746 -0.10428919 -1.16830491 -0.00164836 -0.00364062 -0.02743354 0.99961564
1654229312.93753099 33.02670607 -0.19437226 -1.24153968 0.00007464 -0.00377690 -0.02813978 0.99959686
1654229313.43605804 35.46305432 -0.28649665 -1.32973722 -0.00005063 -0.00394357 -0.02894943 0.99957310
1654229313.85184693 37.52748523 -0.36481111 -1.41033847 0.00034901 -0.00419729 -0.02959583 0.99955307
1654229314.26751089 39.61074492 -0.44487999 -1.47784116 0.00018975 -0.00409347 -0.03064448 0.99952195
1654229314.68431401 41.72792166 -0.53470761 -1.55514216 0.00013968 -0.00410263 -0.03220662 0.99947280
1654229315.09994888 43.84098669 -0.63323178 -1.62138231 0.00007882 -0.00414442 -0.03366954 0.99942442
1654229315.51415896 45.97991966 -0.73790285 -1.68669147 0.00004270 -0.00421760 -0.03475762 0.99938687
1654229315.93283796 48.12310765 -0.85031946 -1.74246509 -0.00007978 -0.00428355 -0.03599272 0.99934287
1654229316.35018897 50.29191452 -0.97132113 -1.81476097 -0.00022884 -0.00437085 -0.03629487 0.99933154
1654229316.76465511 52.49697399 -1.08941162 -1.90283697 -0.00009888 -0.00499019 -0.03631589 0.99932790
1654229317.18316102 54.71074271 -1.20252757 -1.98646699 0.00031876 -0.00551660 -0.03784424 0.99926837
1654229317.60465288 56.93755911 -1.31697494 -2.04801365 -0.00013558 -0.00606960 -0.04084126 0.99914720
1654229318.01967001 59.18277715 -1.45427520 -2.12319074 0.00028669 -0.00652970 -0.04394724 0.99901247
1654229318.43727803 61.43640703 -1.60663442 -2.19020502 0.00059975 -0.00709464 -0.04551531 0.99893827
1654229318.85287809 63.68542579 -1.76792009 -2.26120039 0.00095467 -0.00740663 -0.04728109 0.99885371
1654229319.27020502 65.92311649 -1.94461631 -2.32534129 0.00132021 -0.00791470 -0.04915830 0.99875877
1654229319.68768597 68.18407558 -2.12707223 -2.39410192 0.00186016 -0.00850414 -0.05114625 0.99865323
1654229320.10884190 70.45659995 -2.31969731 -2.45494834 0.00257508 -0.00893811 -0.05247684 0.99857882
1654229320.52015710 72.73098086 -2.51721188 -2.51412802 0.00252399 -0.00899181 -0.05344816 0.99852695
1654229320.93891191 75.00225949 -2.71825513 -2.57089679 0.00274172 -0.00903072 -0.05419681 0.99848567
1654229321.35300112 77.29417094 -2.92175333 -2.64429771 0.00413128 -0.01008163 -0.05608408 0.99836660
1654229321.77078700 79.58404749 -3.13231704 -2.71011120 0.00617402 -0.01157391 -0.05884246 0.99818109
1654229322.18637300 81.88107506 -3.35883947 -2.76131418 0.00654449 -0.01206017 -0.06210824 0.99797509
1654229322.60139704 84.16114110 -3.59881812 -2.81005989 0.00699802 -0.01250314 -0.06403800 0.99784459
1654229323.02081609 86.46504616 -3.84675970 -2.84937098 0.00679550 -0.01175838 -0.06683410 0.99767167
1654229323.43837190 88.74719017 -4.11454155 -2.90239109 0.00716779 -0.01204360 -0.06902146 0.99751672
1654229323.85204601 91.04223876 -4.39028984 -2.95011009 0.00735668 -0.01244240 -0.07142992 0.99734088
1654229324.26591301 93.34817778 -4.68272280 -2.99453618 0.00776259 -0.01298465 -0.07341231 0.99718693
1654229324.68747306 95.66066632 -4.98332985 -3.03330334 0.00749135 -0.01291839 -0.07588289 0.99700491
1654229325.10479903 97.96866709 -5.29592800 -3.07698266 0.00751032 -0.01330535 -0.07799620 0.99683657
1654229325.51920700 100.28997054 -5.61632729 -3.12338441 0.00727018 -0.01335196 -0.07962082 0.99670928
1654229325.93355894 102.59796896 -5.95075436 -3.16142050 0.00743236 -0.01386776 -0.08115564 0.99657725
1654229326.35463405 104.92109715 -6.28603138 -3.20459697 0.00797109 -0.01462376 -0.08158706 0.99652705
1654229326.76798701 107.23010705 -6.61726071 -3.21505703 0.00787167 -0.01463216 -0.08193350 0.99649929
1654229327.18710995 109.51913534 -6.94259012 -3.24639547 0.00810753 -0.01519361 -0.08248600 0.99644342
1654229327.60369897 111.84051637 -7.27069222 -3.29606081 0.00977354 -0.01679881 -0.08323056 0.99634078
1654229328.01941109 114.14798595 -7.61332787 -3.31798027 0.01021542 -0.01714699 -0.08456928 0.99621768
1654229328.43544102 116.45340756 -7.96233449 -3.33756060 0.01138963 -0.01793132 -0.08651100 0.99602439
1654229328.85222697 118.72992637 -8.31384510 -3.36044714 0.01192043 -0.01842219 -0.08818860 0.99586209
1654229329.26944399 121.00872110 -8.67561537 -3.38369279 0.01294571 -0.01920831 -0.08992635 0.99567902
1654229329.68664598 123.21887227 -9.03621296 -3.40488037 0.01371120 -0.01987022 -0.09199793 0.99546650
1654229330.10410690 125.33357724 -9.39917846 -3.41276844 0.01420311 -0.02033736 -0.09422987 0.99524138
1654229330.52057695 127.42638597 -9.76375852 -3.41812678 0.01418930 -0.02044918 -0.09549345 0.99511884
1654229330.93616199 129.48163418 -10.12010017 -3.42266251 0.01441551 -0.02064909 -0.09678791 0.99498639
1654229331.35126400 131.51262443 -10.47314474 -3.43887152 0.01530904 -0.02165927 -0.09808423 0.99482460
1654229331.77067399 133.54249836 -10.83077716 -3.45224560 0.01615953 -0.02251008 -0.09982315 0.99461928
1654229332.18798995 135.56549907 -11.19434512 -3.46047004 0.01705649 -0.02319001 -0.10143493 0.99442559
1654229332.60795307 137.58320981 -11.57116046 -3.46926833 0.01858507 -0.02423962 -0.10243017 0.99427114
1654229333.02132797 139.59375073 -11.95356585 -3.46924742 0.01931655 -0.02486928 -0.10364723 0.99411551
1654229333.44328809 141.59516961 -12.34371364 -3.47128531 0.02135378 -0.02595857 -0.10722920 0.99366597
1654229333.85304904 143.59124751 -12.74420912 -3.46217988 0.02152323 -0.02617999 -0.10909138 0.99345379
1654229334.27287698 145.57782480 -13.14677190 -3.45816589 0.02209814 -0.02656947 -0.11081248 0.99324032
1654229334.68428397 147.55912017 -13.55175028 -3.45104868 0.02259090 -0.02710120 -0.11172041 0.99311315
1654229335.10881805 149.53592181 -13.96833347 -3.44916213 0.02463140 -0.02839689 -0.11234657 0.99295778
1654229335.51858306 151.49788485 -14.37987581 -3.43509434 0.02568974 -0.02907573 -0.11334902 0.99279738
1654229335.94617105 153.47228391 -14.80040414 -3.41784704 0.02685187 -0.03001125 -0.11382895 0.99268387
1654229336.35033703 155.42746669 -15.22291239 -3.39311906 0.02705466 -0.03007749 -0.11465344 0.99258147
1654229336.84921288 157.75796428 -15.72773701 -3.36625941 0.02670687 -0.02987304 -0.11534255 0.99251722
1654229337.34872007 160.09462106 -16.23047435 -3.34532888 0.02718519 -0.03051842 -0.11790703 0.99218321
1654229337.77823400 162.04958229 -16.65263625 -3.33117864 0.02859317 -0.03186153 -0.12067795 0.99176817
1654229338.27782011 164.37567244 -17.18138353 -3.28916902 0.02800709 -0.03286053 -0.12273146 0.99150027
1654229338.78145504 166.69680305 -17.70586314 -3.26161738 0.03088232 -0.03448814 -0.12455050 0.99113270
1654229339.28336811 169.00950796 -18.23164443 -3.21941838 0.03187580 -0.03528479 -0.12629728 0.99085212
1654229339.79276299 171.31056270 -18.77596859 -3.17657977 0.03216105 -0.03563524 -0.12781308 0.99063596
1654229340.28348708 173.59201168 -19.33851780 -3.14531654 0.03353018 -0.03746964 -0.12861312 0.99041931
1654229340.78549004 175.89326879 -19.90693713 -3.09409252 0.03349992 -0.03808173 -0.12941302 0.99029279
1654229341.28428006 178.21277513 -20.47611456 -3.03988507 0.03380813 -0.03850920 -0.13126719 0.99002170
1654229341.79156590 180.53881196 -21.05385601 -2.97569281 0.03311896 -0.03858644 -0.13323952 0.98977849
1654229342.28285789 182.86546156 -21.62695257 -2.88233649 0.03447096 -0.03878432 -0.13465151 0.98953348
1654229342.78348589 185.17634389 -22.22329983 -2.75873567 0.03554370 -0.03849228 -0.13649146 0.98925481
1654229343.28632903 187.50118328 -22.82727331 -2.67633958 0.03671234 -0.03884080 -0.13850683 0.98891833
1654229343.68795109 189.43513684 -23.33995822 -2.62893025 0.03737755 -0.03917411 -0.14082979 0.98855211
1654229344.18657708 191.74402775 -23.96069154 -2.57014978 0.03762107 -0.03926664 -0.14466568 0.98798514
1654229344.68393612 194.02303743 -24.59603132 -2.50756555 0.03771570 -0.03927819 -0.14828373 0.98744452
1654229345.18594003 196.24203232 -25.23788537 -2.43890390 0.03832343 -0.03958321 -0.15064053 0.98705213
1654229345.68568492 198.48842807 -25.88390619 -2.36506300 0.03828395 -0.03907217 -0.15165860 0.98691812
1654229346.18505597 200.72538674 -26.52637733 -2.31469582 0.03883830 -0.03971205 -0.15193228 0.98682882
1654229346.68401408 202.94690791 -27.16729174 -2.26193892 0.03971181 -0.04043724 -0.15219777 0.98672369
1654229347.18015790 205.17149674 -27.81490689 -2.20819741 0.04049215 -0.04105381 -0.15336240 0.98648616
1654229347.68369389 207.38162527 -28.47852470 -2.09652879 0.04269328 -0.04147523 -0.15429762 0.98622986
1654229348.18361902 209.62444018 -29.18172183 -1.98215840 0.04432250 -0.04148700 -0.15582669 0.98591703
1654229348.60793400 211.55360621 -29.76719995 -1.93412217 0.04582204 -0.04302965 -0.15774465 0.98547725
1654229349.01616693 213.49326610 -30.36172712 -1.87985880 0.04616894 -0.04336553 -0.15990795 0.98509761
1654229349.44174004 215.44794825 -30.97249471 -1.83167440 0.04678274 -0.04463424 -0.16199111 0.98467154
1654229349.84996104 217.42985422 -31.60005562 -1.77619269 0.04700976 -0.04555130 -0.16407777 0.98427316
1654229350.27756405 219.40641057 -32.22914250 -1.71985034 0.04917862 -0.04698563 -0.16624371 0.98373617
1654229350.68351197 221.42622332 -32.88426938 -1.64999035 0.04899576 -0.04719061 -0.16802950 0.98343203
1654229351.10819888 223.44533907 -33.55100103 -1.57931319 0.04879565 -0.04698983 -0.16993527 0.98312407
1654229351.51588011 225.49102258 -34.21890598 -1.53190669 0.05007848 -0.04922305 -0.17334612 0.98235450
1654229351.94860697 227.53644294 -34.92070182 -1.45694899 0.05202768 -0.05092653 -0.17560916 0.98176425
1654229352.34950209 229.59778343 -35.64128318 -1.36782296 0.05281178 -0.05153504 -0.17812636 0.98123700
1654229352.78212190 231.64258878 -36.36710388 -1.27787890 0.05423255 -0.05275166 -0.18024218 0.98070834
1654229353.18180704 233.62765110 -37.08479544 -1.19127957 0.05562427 -0.05401443 -0.18189946 0.98025556
1654229353.61373711 235.61559658 -37.80220171 -1.11365058 0.05659792 -0.05542167 -0.18270072 0.97997223
1654229354.01526093 237.59925025 -38.52015361 -1.01574740 0.05680852 -0.05574472 -0.18360204 0.97977324
1654229354.44997501 239.56352801 -39.22868614 -0.91802269 0.05690883 -0.05641467 -0.18433946 0.97959059
1654229354.85083389 241.51975608 -39.94681084 -0.82146242 0.05701522 -0.05677746 -0.18567661 0.97931087
1654229355.28843594 243.42801685 -40.65039089 -0.72578276 0.05954227 -0.05932859 -0.18703975 0.97874970
1654229355.77899790 245.62613373 -41.45786780 -0.60996144 0.05919273 -0.06002158 -0.18942433 0.97826993
1654229356.28170705 247.86477321 -42.29810875 -0.48138534 0.05925885 -0.05992452 -0.19052710 0.97805770
1654229356.78397703 250.04557545 -43.10707021 -0.37735138 0.06034158 -0.06137084 -0.19188518 0.97763623
1654229357.27558088 252.12942257 -43.90214787 -0.24243337 0.05926739 -0.06159589 -0.19301932 0.97746451
1654229357.78305101 254.24555473 -44.70932849 -0.12043158 0.05954214 -0.06186526 -0.19430083 0.97717686
1654229358.27590489 256.38958754 -45.54908803 0.02102537 0.05960308 -0.06181966 -0.19653165 0.97672981
1654229358.77203012 258.54575526 -46.39554096 0.16434129 0.05826469 -0.06182589 -0.19831816 0.97644902
1654229359.26717496 260.73866655 -47.26570904 0.30149415 0.05811319 -0.06179276 -0.20086829 0.97593875
1654229359.67936611 262.60506589 -48.02580096 0.41366872 0.05816436 -0.06155958 -0.20142609 0.97583547
1654229360.09881592 264.49418549 -48.79428835 0.52319979 0.05828913 -0.06160195 -0.20282673 0.97553518
1654229360.51266098 266.43426371 -49.59069641 0.64040404 0.05840785 -0.06166119 -0.20365451 0.97535186
1654229360.93251991 268.41413015 -50.41426471 0.76440260 0.05925977 -0.06253117 -0.20512614 0.97493661
1654229361.34257603 270.42605710 -51.25457750 0.88262855 0.05972971 -0.06282980 -0.20619182 0.97466390
1654229361.76195192 272.45280222 -52.10960081 1.00145425 0.06090587 -0.06345297 -0.20810229 0.97414456
1654229362.17704511 274.50795648 -52.98763059 1.12463217 0.06134285 -0.06363642 -0.21000021 0.97369778
1654229362.59611702 276.58317215 -53.88225980 1.27462364 0.05948330 -0.06217072 -0.21179463 0.97351917
1654229363.01026511 278.65859413 -54.78681324 1.35849037 0.06332683 -0.06486466 -0.21399055 0.97262034
1654229363.42703605 280.74316495 -55.71445783 1.48504685 0.06428680 -0.06546531 -0.21608010 0.97205498
1654229363.84180093 282.82975774 -56.66485543 1.62627274 0.06463383 -0.06534585 -0.21769349 0.97167995
1654229364.26227999 284.91709246 -57.61422472 1.75396823 0.06514511 -0.06545536 -0.21866730 0.97141975
1654229364.67917895 286.98776086 -58.55550212 1.87823309 0.06582649 -0.06585019 -0.22003894 0.97103733
1654229365.09849310 289.06060354 -59.50401505 1.98303976 0.06839414 -0.06797143 -0.22052812 0.97060263
1654229365.51366210 291.10300137 -60.44085850 2.11105201 0.07001248 -0.06930129 -0.22134200 0.97020786
1654229365.93224192 293.12720382 -61.37192611 2.24130027 0.07080080 -0.07006751 -0.22241952 0.96984914
1654229366.35000110 295.14432118 -62.29286973 2.35880459 0.07192428 -0.07165331 -0.22300115 0.96951699
1654229366.76501107 297.12677258 -63.20674644 2.49763514 0.07265661 -0.07230632 -0.22356562 0.96928387
1654229367.18248796 299.13871887 -64.14215287 2.64257923 0.07299507 -0.07289359 -0.22383350 0.96915262
1654229367.59574890 301.15220749 -65.07682490 2.78656718 0.07513749 -0.07433744 -0.22386623 0.96887162
1654229368.01592898 303.17636330 -66.02370293 2.95158456 0.07484534 -0.07430234 -0.22375017 0.96892373
1654229368.42751002 305.19294457 -66.97025084 3.10394129 0.07506859 -0.07451757 -0.22367077 0.96890826
1654229368.84837294 307.22143372 -67.91573159 3.26001364 0.07513900 -0.07445250 -0.22356924 0.96893124
1654229369.26382899 309.22971952 -68.85041373 3.41583954 0.07510191 -0.07446460 -0.22365059 0.96891441
1654229369.68255401 311.24306352 -69.78944978 3.54165097 0.07838224 -0.07708710 -0.22370666 0.96843644
1654229370.09462810 313.25427517 -70.72747652 3.70037335 0.07864267 -0.07713053 -0.22354849 0.96844839
1654229370.51638603 315.27383265 -71.67492988 3.86769866 0.07894719 -0.07713598 -0.22325426 0.96849105
1654229370.93192005 317.27979372 -72.61204155 4.01453174 0.07865273 -0.07714321 -0.22246713 0.96869554
1654229371.34824491 319.28425647 -73.56243744 4.18717068 0.07868383 -0.07716124 -0.22067976 0.96910033
1654229371.76484609 321.28798136 -74.47020912 4.36436782 0.07946858 -0.07750634 -0.21993771 0.96917744
1654229372.18690705 323.26478567 -75.36998185 4.52410738 0.08036355 -0.07827461 -0.21923669 0.96920073
1654229372.60104108 325.22865786 -76.25824887 4.68222718 0.08243261 -0.07972093 -0.21880528 0.96900655
1654229373.01606894 327.09553577 -77.11545304 4.84716682 0.08244256 -0.07983743 -0.21802980 0.96917089
1654229373.51937294 329.24947518 -78.08852244 5.02914360 0.08313630 -0.08064167 -0.21769944 0.96911931
1654229374.01728797 331.15993671 -78.95863616 5.19794851 0.08442687 -0.08197058 -0.21723488 0.96900048
1654229374.52087688 333.12014551 -79.84699161 5.37703734 0.08563984 -0.08316727 -0.21689363 0.96886850
1654229375.02213693 335.05604035 -80.72946129 5.56235771 0.08572991 -0.08345412 -0.21666732 0.96888651
1654229375.52048993 336.97712422 -81.59242304 5.75003328 0.08585865 -0.08367782 -0.21673965 0.96883963
1654229376.02060795 338.93207749 -82.47808703 5.92986807 0.08632646 -0.08419332 -0.21651994 0.96880253
1654229376.52282500 340.85989699 -83.35262515 6.10643136 0.08712792 -0.08529911 -0.21649438 0.96863975
1654229377.01733088 342.95221567 -84.29762016 6.30776060 0.08720319 -0.08539559 -0.21617466 0.96869588
1654229377.52077794 345.07043721 -85.25337854 6.50958795 0.08710159 -0.08524726 -0.21653482 0.96863765
1654229377.93693805 346.90250360 -86.09709760 6.66700373 0.08832524 -0.08683925 -0.21626234 0.96844628
1654229378.35007811 348.85234957 -86.97958656 6.86356413 0.08802201 -0.08650385 -0.21628431 0.96849900
1654229378.77248001 350.87204583 -87.89906557 7.07789279 0.08819763 -0.08609453 -0.21645896 0.96848047
1654229379.18542600 352.97822912 -88.85699524 7.28023420 0.08866494 -0.08684666 -0.21659678 0.96833983
1654229379.60591102 355.17244547 -89.85287991 7.49580789 0.08894385 -0.08774403 -0.21736928 0.96806021
1654229380.01600194 357.42351948 -90.88384651 7.73612027 0.08824806 -0.08743706 -0.21823997 0.96795576
1654229380.34898996 359.25591130 -91.73156804 7.93713663 0.08724625 -0.08745482 -0.21927650 0.96781071
1654229380.68336797 361.19824057 -92.62348092 8.08578454 0.08921445 -0.08882708 -0.22113221 0.96708380
1654229381.02179503 362.97054428 -93.55071968 8.11833621 0.08760876 -0.08976897 -0.22131275 0.96710232
1654229381.35493994 364.77856033 -94.42645158 8.29583947 0.08705284 -0.08992286 -0.22273229 0.96681229
1654229381.77022004 366.98587216 -95.47638020 8.55641613 0.08850752 -0.09068137 -0.22397110 0.96632306
1654229382.18634009 369.23334705 -96.54567747 8.81860438 0.08836289 -0.09054750 -0.22484611 0.96614563
1654229382.52303696 371.05415783 -97.40381260 9.00498944 0.08890607 -0.09103065 -0.22667460 0.96562299
1654229382.94980407 373.27229943 -98.46942475 9.25969338 0.08948930 -0.09140677 -0.22740580 0.96536163
1654229383.35397911 375.41798560 -99.51180179 9.50344304 0.09034987 -0.09239548 -0.22733232 0.96520464
1654229383.78367090 377.45773186 -100.51539882 9.74989601 0.09124149 -0.09321325 -0.22704548 0.96510965
1654229384.19021702 379.37125966 -101.44157418 9.96190600 0.09203731 -0.09412542 -0.22742081 0.96485715
1654229384.62538910 381.16174975 -102.31768829 10.16815022 0.09295902 -0.09503993 -0.22858564 0.96440377
1654229385.12443089 383.20590941 -103.32011750 10.39991200 0.09351796 -0.09560420 -0.23391452 0.96301517
1654229385.62396789 385.18135440 -104.31810310 10.62330086 0.09366072 -0.09542818 -0.23998101 0.96152496
1654229386.12925410 387.07381887 -105.30528944 10.83189711 0.09457594 -0.09572899 -0.24829549 0.95929177
1654229386.62644196 388.87620898 -106.29592082 11.03211071 0.09533380 -0.09495663 -0.26282951 0.95541371
1654229387.13156390 390.63298274 -107.33194580 11.22370814 0.09576379 -0.09380666 -0.27562943 0.95187080
1654229387.62794304 392.36338577 -108.41271897 11.40095633 0.09625726 -0.09291262 -0.28600115 0.94884410
1654229388.12892199 394.09754447 -109.53923622 11.56818902 0.09675669 -0.09263681 -0.29580906 0.94580842
1654229388.62712097 395.77292826 -110.68810063 11.73012293 0.09742193 -0.09179014 -0.30899274 0.94159812
1654229389.13075709 397.52343841 -111.95305826 11.88375633 0.09806663 -0.09095421 -0.31932719 0.93815799
1654229389.62915492 399.30738717 -113.30151306 12.05216662 0.09693809 -0.08865537 -0.32821842 0.93542285
1654229390.14264607 401.06892984 -114.65043406 12.20292271 0.09246511 -0.08717585 -0.33926141 0.93206881
1654229390.52949810 402.63496300 -115.92680208 12.31861726 0.09300618 -0.08636634 -0.34692650 0.92926461
1654229390.97000003 404.22702125 -117.26597340 12.42930695 0.09320801 -0.08621643 -0.35259774 0.92712126
1654229391.36554408 405.87436303 -118.67635589 12.56387991 0.09139617 -0.08542183 -0.35285516 0.92727725
1654229391.79642892 407.58067791 -120.13716647 12.68781602 0.09122899 -0.08559381 -0.35181734 0.92767210
1654229392.19874811 409.34819653 -121.64305148 12.82613298 0.09117071 -0.08521929 -0.35130302 0.92790720
1654229392.62122703 411.08660947 -123.12240486 12.96480355 0.09133542 -0.08511062 -0.35147007 0.92783771
1654229393.02694011 412.80964121 -124.59574287 13.09515219 0.09123760 -0.08481995 -0.35223635 0.92758333
1654229393.45582700 414.52568952 -126.06830195 13.23139663 0.09131453 -0.08472244 -0.35390205 0.92695043
1654229393.85861111 416.32896500 -127.63053499 13.35997846 0.09180811 -0.08477394 -0.35454244 0.92665220
1654229394.29210091 418.05345216 -129.14132461 13.48739901 0.09282591 -0.08516565 -0.35542797 0.92617553
1654229394.69025397 419.80782250 -130.67536719 13.61413246 0.09329523 -0.08544049 -0.35638284 0.92573603
1654229395.11837196 421.52070329 -132.17376637 13.73163304 0.09454450 -0.08615159 -0.35676108 0.92539763
1654229395.52517104 423.25640080 -133.69647482 13.86488064 0.09510814 -0.08644502 -0.35688250 0.92526568
1654229395.95458198 424.98732125 -135.21295234 13.99947538 0.09469890 -0.08637923 -0.35730941 0.92514903
1654229396.35955191 426.71438353 -136.72824636 14.11774884 0.09487792 -0.08684361 -0.35716503 0.92514297
1654229396.78304291 428.42958626 -138.23339219 14.23498711 0.09574606 -0.08802945 -0.35700464 0.92500335
1654229397.19204593 430.13743438 -139.73638408 14.35200182 0.09671272 -0.08918608 -0.35636189 0.92503984
1654229397.62102389 431.85000054 -141.24687655 14.49486213 0.09674223 -0.09021191 -0.35576711 0.92516621
1654229398.02572703 433.57371746 -142.76095672 14.64566108 0.09724035 -0.09075034 -0.35521302 0.92527423
1654229398.45671606 435.30218412 -144.26328498 14.78602446 0.09735055 -0.09179767 -0.35478691 0.92532281
1654229398.86021304 437.02154291 -145.75915106 14.92383122 0.09771564 -0.09289161 -0.35426397 0.92537551
1654229399.28764796 438.71904379 -147.23167182 15.06522000 0.09723687 -0.09400448 -0.35424834 0.92531955
1654229399.69484901 440.41265483 -148.69914045 15.20957591 0.09638921 -0.09513747 -0.35377232 0.92547454
1654229400.12263107 442.07163128 -150.13598845 15.36735233 0.09615886 -0.09595484 -0.35386324 0.92537935
1654229400.53564095 443.70802520 -151.55274983 15.52242366 0.09601749 -0.09641797 -0.35338253 0.92552958
1654229400.95896411 445.31699815 -152.94649001 15.67940948 0.09607997 -0.09703827 -0.35367931 0.92534489
1654229401.36565089 446.85196373 -154.28238382 15.83121742 0.09554883 -0.09806085 -0.35338594 0.92540416
1654229401.86883402 448.68953990 -155.87815770 16.02173137 0.09595526 -0.09912767 -0.35316822 0.92533156
1654229402.36644697 450.45818398 -157.41664011 16.21906089 0.09601485 -0.09970449 -0.35301758 0.92532089
1654229402.86879706 452.21759909 -158.93911725 16.40556313 0.09604033 -0.09981165 -0.35317611 0.92524620
1654229403.36700106 453.94736134 -160.44433066 16.59312074 0.09592198 -0.09962957 -0.35320915 0.92526549
1654229403.87010002 455.67008302 -161.93768454 16.77202922 0.09597690 -0.10000983 -0.35321135 0.92521793
1654229404.37213397 457.39174443 -163.43705010 16.95464706 0.09567168 -0.10011500 -0.35311329 0.92527559
1654229404.87984300 459.15426592 -164.96297955 17.14698697 0.09551079 -0.10036796 -0.35124198 0.92597680
1654229405.37525892 460.94133466 -166.50139439 17.35505992 0.09555556 -0.10018948 -0.34955434 0.92662990
1654229405.87694907 462.73900111 -168.03989188 17.55914545 0.09563775 -0.10035254 -0.34823296 0.92710118
1654229406.37762809 464.52075200 -169.55916742 17.75308034 0.09589438 -0.10067373 -0.34754932 0.92729636
1654229406.87833810 466.22271004 -171.01406641 17.93695320 0.09575723 -0.10068422 -0.34714174 0.92746205
1654229407.37697601 467.88666474 -172.45154157 18.12378041 0.09482737 -0.10027895 -0.34820668 0.92720225
1654229408.04550004 469.60188589 -173.91449832 18.30571592 0.09341941 -0.09961116 -0.35048172 0.92655976
1654229409.15516305 471.15643271 -175.20856036 18.46908806 0.08105632 -0.09439819 -0.35393009 0.92695865
1654229409.67943907 472.69246912 -176.56555487 18.67680940 0.07942719 -0.09356629 -0.35371360 0.92726661
1654229410.15912890 474.33976900 -178.02756389 18.87408582 0.08022391 -0.09381989 -0.35365849 0.92719341
1654229410.66055989 475.92915809 -179.44767918 19.04718105 0.08100883 -0.09458417 -0.35349461 0.92711001
1654229411.49357295 477.47331631 -180.78947617 19.16307494 0.09020196 -0.09975128 -0.35255984 0.92607497
1654229411.99646592 479.01270161 -182.11843682 19.25634497 0.09666950 -0.10326404 -0.35179990 0.92532609
1654229412.54670405 480.58498245 -183.44827578 19.35371585 0.09856470 -0.10474511 -0.35166592 0.92501056
1654229413.21334100 482.26142076 -184.87862742 19.48245558 0.10091729 -0.10584792 -0.35204936 0.92448535
1654229413.71188092 484.08957561 -186.48697345 19.69296744 0.10001439 -0.10539939 -0.35294706 0.92429241
1654229414.16138005 485.66345528 -187.87186159 19.87885030 0.09971651 -0.10581029 -0.35382565 0.92394167
1654229414.54096198 487.29507409 -189.32185576 20.05805905 0.10070863 -0.10628672 -0.35366102 0.92384241
1654229416.37911105 488.95888231 -190.73944149 20.03840925 0.11512264 -0.11208441 -0.35245633 0.92193188
1654229417.15349293 490.50773852 -192.13302309 20.20771238 0.11777287 -0.11424984 -0.35099463 0.92188898
1654229417.54487300 492.02560775 -193.48299213 20.41350033 0.11905678 -0.11439508 -0.35008088 0.92205348
1654229417.98829389 493.57861899 -194.88830817 20.69630644 0.11972976 -0.11355034 -0.34890671 0.92251570
1654229418.37863493 495.37858325 -196.46861744 20.92796983 0.12021547 -0.11371900 -0.34750085 0.92296229
1654229418.81953907 497.14192731 -197.99551942 21.16429255 0.11967617 -0.11334606 -0.34664479 0.92340006
1654229419.20969200 498.95050782 -199.56511165 21.38410261 0.12009521 -0.11372938 -0.34563906 0.92367549
1654229419.65372109 500.72967370 -201.09979092 21.60392287 0.12041151 -0.11391311 -0.34516324 0.92378959
1654229420.04133701 502.48589022 -202.61302324 21.81935747 0.12083909 -0.11432664 -0.34432675 0.92399482
1654229420.49163699 504.25937286 -204.12672520 22.04247141 0.12112200 -0.11464754 -0.34356122 0.92420295
1654229420.87295699 505.96189622 -205.59303165 22.25609886 0.12171997 -0.11547488 -0.34238935 0.92445624
1654229421.31602311 507.74021493 -207.10118826 22.49992312 0.12199916 -0.11550506 -0.34161801 0.92470099
1654229421.70802307 509.46735576 -208.56644211 22.72066333 0.12174443 -0.11526187 -0.34060124 0.92513988
1654229422.15103292 511.17143427 -210.00618276 22.94227177 0.12259029 -0.11595215 -0.33962206 0.92530188
1654229422.53900790 512.84762033 -211.42162166 23.14360163 0.12330791 -0.11686992 -0.33847086 0.92551286
1654229422.98481798 514.61302751 -212.87666627 23.37214345 0.12366423 -0.11723504 -0.33831579 0.92547584
1654229423.37183499 516.32369048 -214.29527744 23.58485816 0.12405408 -0.11754110 -0.33826772 0.92540241
1654229423.81842804 518.04535848 -215.71564677 23.79311535 0.12449441 -0.11790248 -0.33971577 0.92476664
1654229424.20881605 519.74145217 -217.12964155 24.00342589 0.12510112 -0.11823076 -0.34230470 0.92368755
1654229424.64796495 521.34656728 -218.48886743 24.22646434 0.12607308 -0.11895664 -0.34313095 0.92315548
1654229425.04094100 522.96843558 -219.86468638 24.43719080 0.12608991 -0.11936803 -0.34324435 0.92305792
1654229425.48277593 524.58285519 -221.24423201 24.66459078 0.12595682 -0.11957213 -0.34335174 0.92300973
1654229425.87218904 526.21349673 -222.63059445 24.87173244 0.12664982 -0.11980344 -0.34334137 0.92288876
1654229426.31783390 527.84986795 -224.01959869 25.07296366 0.12878029 -0.12028782 -0.34261352 0.92280141
1654229426.70730591 529.44306926 -225.38094683 25.28297871 0.12720269 -0.12009823 -0.34303742 0.92288743
1654229427.17343402 531.06092373 -226.76288870 25.48552839 0.12757541 -0.12065281 -0.34257032 0.92293716
1654229427.54757810 532.70453223 -228.15740830 25.69438847 0.12847872 -0.12122144 -0.34200625 0.92294653
1654229427.97966003 534.33940530 -229.54173443 25.91839714 0.12787180 -0.12150222 -0.34178989 0.92307404
1654229428.37258697 535.99657912 -230.95076215 26.14868866 0.12870047 -0.12201979 -0.34105679 0.92316175
1654229428.81702495 537.67359698 -232.36451306 26.37942187 0.12905330 -0.12202055 -0.34088351 0.92317640
1654229429.20945597 539.33077911 -233.76056352 26.60057277 0.12926817 -0.12233727 -0.34104611 0.92304436
1654229429.64462399 540.98865682 -235.16108742 26.81795984 0.12924956 -0.12249413 -0.34069329 0.92315644
1654229430.03822994 542.63071759 -236.53927583 27.03068633 0.12949215 -0.12295412 -0.34095352 0.92296520
1654229430.48032188 544.26654483 -237.92008559 27.26310524 0.12982238 -0.12301593 -0.34099127 0.92289663
1654229430.87247491 545.90565957 -239.30421567 27.49576625 0.13038115 -0.12339538 -0.34086615 0.92281342
1654229431.33337092 547.45974988 -240.64687522 27.74283821 0.13123832 -0.12388902 -0.34102033 0.92256878
1654229431.71321607 548.98345742 -241.95067714 27.95358759 0.13205857 -0.12472411 -0.34081091 0.92241658
1654229432.15122890 550.54277548 -243.29487319 28.20173481 0.13306116 -0.12504598 -0.34072869 0.92225929
1654229432.53866792 552.10500725 -244.63007352 28.43363743 0.13404952 -0.12516236 -0.34058733 0.92215258
1654229433.04091191 553.90137959 -246.16971906 28.69535763 0.13419538 -0.12523307 -0.34051310 0.92214918
1654229433.53918004 555.68675901 -247.69605455 28.95502336 0.13458134 -0.12553593 -0.34082185 0.92193767
1654229434.03918791 557.49145807 -249.23856172 29.21785955 0.13494817 -0.12577736 -0.34126598 0.92168681
1654229434.53798890 559.27012319 -250.75526549 29.47389448 0.13475395 -0.12592980 -0.34149425 0.92160986
1654229435.03753090 561.01309695 -252.23814920 29.72488307 0.13476893 -0.12602490 -0.34134873 0.92164858
1654229435.53755403 562.75631051 -253.74076665 29.97820518 0.13528107 -0.12660831 -0.34104969 0.92160430
1654229436.03530908 564.49336567 -255.22621204 30.22660781 0.13496117 -0.12625134 -0.34106316 0.92169518
1654229436.53269410 566.21185538 -256.68993873 30.46406268 0.13513182 -0.12663480 -0.34087011 0.92168899
1654229437.03329706 567.94055295 -258.16296908 30.70947534 0.13538023 -0.12705853 -0.34053229 0.92171909
1654229437.52990508 569.69930514 -259.65249794 30.95648946 0.13533748 -0.12718915 -0.34019567 0.92183165
1654229438.03337693 571.46087871 -261.14267636 31.20733742 0.13441395 -0.12773071 -0.33907768 0.92230368
1654229438.54325104 573.15216714 -262.57702173 31.44074424 0.13480971 -0.12840469 -0.33780589 0.92261897
1654229439.03201199 574.84180934 -264.00219766 31.69437007 0.13476449 -0.12871001 -0.33658861 0.92302783
1654229439.53100300 576.53191645 -265.43237695 31.94824215 0.13492761 -0.12900983 -0.33571992 0.92327847
1654229440.03093100 578.22689924 -266.85603190 32.19032611 0.13519895 -0.12997089 -0.33511610 0.92332335
1654229440.52882409 579.95875587 -268.29831175 32.42677799 0.13675163 -0.13064944 -0.33429087 0.92329807
1654229441.02958989 581.66549485 -269.71420363 32.65371492 0.13789440 -0.13149351 -0.33343250 0.92331867
1654229441.52917695 583.27007421 -271.02109154 32.87339846 0.13772190 -0.13194931 -0.33318553 0.92336854
1654229442.13442802 584.95858252 -272.45023609 33.19238770 0.13716718 -0.13130414 -0.33242381 0.92381751
1654229442.69837999 586.70456097 -273.90286246 33.47458571 0.13807349 -0.13162559 -0.33243098 0.92363416
1654229443.19271708 588.24267963 -275.16771871 33.69069721 0.13909069 -0.13225836 -0.33293401 0.92320986
1654229443.79515910 589.91330400 -276.61551701 34.02767839 0.14501925 -0.13430271 -0.33273443 0.92207375
1654229444.30264306 591.64869515 -277.97334591 34.05130608 0.14560047 -0.13648125 -0.33241967 0.92177575
1654229444.79757905 593.32992837 -279.38898114 34.32554708 0.14553601 -0.13652416 -0.33176837 0.92201419
1654229445.29835892 595.06112867 -280.87442423 34.66684746 0.14718391 -0.13589972 -0.33105140 0.92210256
1654229445.69296694 596.63895047 -282.17694225 34.89247710 0.14953321 -0.13633189 -0.33056685 0.92183458
1654229446.12846208 598.28690874 -283.53309788 35.16103109 0.14874080 -0.13558622 -0.33031923 0.92216146
1654229446.52347898 599.99012386 -284.93066841 35.41439802 0.15142972 -0.13672634 -0.32955920 0.92182736
1654229446.96826005 601.68748432 -286.31537103 35.67431280 0.15576475 -0.13895539 -0.32923266 0.92088794
1654229447.35559201 603.42978895 -287.74749855 35.96902547 0.15657128 -0.14009868 -0.32907753 0.92063335
1654229447.79886508 605.22385250 -289.20925816 36.24296051 0.15793450 -0.14239192 -0.32875461 0.92016392
1654229448.19018888 607.02490094 -290.68204058 36.53435048 0.15821163 -0.14307858 -0.32874151 0.92001447
1654229448.62679100 608.80668747 -292.16664087 36.87286804 0.15733652 -0.14351938 -0.32906765 0.91997929
1654229449.01912189 610.58446130 -293.64927318 37.19045227 0.15771159 -0.14312675 -0.32886050 0.92005030
1654229449.45538592 612.37782931 -295.13856539 37.48601102 0.15863394 -0.14326906 -0.32908378 0.91978971
1654229449.84978104 614.19110267 -296.63451580 37.78672235 0.15919510 -0.14291917 -0.33008666 0.91938775
1654229450.28740001 616.00343233 -298.13175861 38.07989942 0.15821939 -0.14265798 -0.33284662 0.91860136
1654229450.68263602 617.80195800 -299.62736967 38.35991567 0.15864378 -0.14271436 -0.33405392 0.91808101
1654229451.10991192 619.58016698 -301.11348335 38.64909886 0.15883940 -0.14183505 -0.33543206 0.91768088
1654229451.51432610 621.32646370 -302.58939212 38.93524694 0.15860573 -0.14158028 -0.33695738 0.91720171
1654229451.94132209 623.11660714 -304.09630354 39.21745272 0.15890066 -0.14164226 -0.33841926 0.91660267
1654229452.34929299 624.90394899 -305.61444453 39.50395076 0.15873763 -0.14153465 -0.33984738 0.91611902
1654229452.78463292 626.69324614 -307.14344880 39.80208875 0.15616194 -0.14095802 -0.34137948 0.91608097
1654229453.18275690 628.49797825 -308.69418905 40.08753506 0.15626945 -0.14108208 -0.34176626 0.91589930
1654229453.60972309 630.26660992 -310.24211810 40.36484541 0.15721985 -0.14153512 -0.34179053 0.91565767
1654229454.01357698 631.99490434 -311.76289092 40.65459186 0.15885482 -0.14218854 -0.34182058 0.91526294
1654229454.44474411 633.73815559 -313.27493700 40.92781080 0.15999198 -0.14400058 -0.34185922 0.91476701
1654229454.84763598 635.48794356 -314.79513434 41.21092965 0.15882023 -0.14450690 -0.34189142 0.91487931
1654229455.27229190 637.30539628 -316.35891132 41.49045523 0.16018049 -0.14630723 -0.34166905 0.91443899
1654229455.68030405 639.03340417 -317.87160237 41.78581360 0.15702449 -0.14615528 -0.34180179 0.91496092
1654229456.10243702 640.83280995 -319.42508527 42.09072843 0.15601598 -0.14689758 -0.34243897 0.91477629
1654229456.51005793 642.62538639 -320.97699494 42.40001026 0.15576087 -0.14713829 -0.34272693 0.91467324
1654229456.93303990 644.35269685 -322.49436586 42.68888739 0.15820083 -0.14887293 -0.34218497 0.91417657
1654229457.34637499 646.11921396 -324.03386767 42.99160381 0.15897059 -0.14986372 -0.34278582 0.91365590
1654229457.76940608 647.86634612 -325.55912307 43.31142661 0.15740422 -0.15031691 -0.34325011 0.91367833
1654229458.18075395 649.62424582 -327.09495767 43.62258307 0.15708446 -0.15086248 -0.34351277 0.91354472
1654229458.60368490 651.37438948 -328.62787826 43.92694128 0.15782050 -0.15214469 -0.34367975 0.91314233
1654229459.01705790 653.14291671 -330.18398322 44.25478679 0.15692140 -0.15220536 -0.34361482 0.91331159
1654229459.43874407 654.91254221 -331.74122049 44.59413995 0.15678751 -0.15217140 -0.34349078 0.91338690
1654229459.85052705 656.70435601 -333.30735028 44.92406819 0.15618929 -0.15244094 -0.34349793 0.91344175
1654229460.27173209 658.51587374 -334.89809169 45.26037718 0.15624560 -0.15280320 -0.34336675 0.91342091
1654229460.68529105 660.34515574 -336.49848145 45.60061747 0.15632654 -0.15260042 -0.34334910 0.91344760
1654229461.10536289 662.11692230 -338.05340388 45.94634744 0.15574827 -0.15191794 -0.34328599 0.91368383
1654229461.51848292 663.85611626 -339.58005093 46.27585143 0.15701658 -0.15186535 -0.34272395 0.91368649
1654229461.93747807 665.54159976 -341.05802545 46.59163214 0.15692436 -0.15205383 -0.34275056 0.91366100
1654229462.35350108 667.24229328 -342.54289319 46.90356460 0.15646375 -0.15208643 -0.34286105 0.91369312
1654229462.77547503 668.93416533 -344.02570985 47.21040809 0.15663911 -0.15271110 -0.34283786 0.91356757
1654229463.18601108 670.64373418 -345.51681990 47.51307848 0.16050422 -0.15413525 -0.34206443 0.91294723
1654229463.60860991 672.38588275 -347.03539904 47.83150542 0.16144253 -0.15513890 -0.34206275 0.91261235
1654229464.01904702 674.15193533 -348.58022083 48.16713597 0.16155005 -0.15507934 -0.34295384 0.91226895
1654229464.44029093 675.91440311 -350.13503027 48.50261109 0.16175087 -0.15501342 -0.34353360 0.91202640
1654229464.85152888 677.69624990 -351.70480793 48.83748573 0.15937435 -0.15499902 -0.34474895 0.91198864
1654229465.27124691 679.50744373 -353.31243149 49.18292803 0.15968046 -0.15532604 -0.34592999 0.91143207
1654229465.60465789 680.99572155 -354.63828917 49.46924252 0.15990183 -0.15543525 -0.34611895 0.91130289
1654229465.93907690 682.49980738 -355.98120066 49.76239222 0.15928476 -0.15555152 -0.34650887 0.91124294
1654229466.26850200 684.00406553 -357.32640314 50.05617017 0.15831460 -0.15557357 -0.34690527 0.91125742
1654229466.60555506 685.52841246 -358.68120152 50.34140770 0.15894341 -0.15617758 -0.34690316 0.91104542
1654229466.94399190 687.04628933 -360.03415446 50.62478373 0.15911320 -0.15681725 -0.34671825 0.91097629
1654229467.27135992 688.53411172 -361.36334461 50.92893831 0.15561630 -0.15638106 -0.34788000 0.91121240
1654229467.60578394 690.01875153 -362.68868078 51.21903824 0.15556165 -0.15653939 -0.34735756 0.91139383
1654229468.01587105 691.82827843 -364.30385651 51.58840030 0.15500095 -0.15670113 -0.34500594 0.91235430
1654229468.43407011 693.64477655 -365.89761877 51.95172087 0.15534559 -0.15766876 -0.33961366 0.91415036
1654229468.85038805 695.47446625 -367.46848470 52.33235876 0.15275184 -0.15875247 -0.33314766 0.91677542
1654229469.26507711 697.27577968 -368.98026715 52.75325525 0.14734399 -0.15973311 -0.32766879 0.91946085
1654229469.68288589 699.11510651 -370.48062046 53.15992450 0.14606219 -0.16028111 -0.32148762 0.92174916
1654229470.09840798 700.96944524 -371.96427710 53.57241337 0.14601260 -0.16102296 -0.31653499 0.92334042
1654229470.51425791 702.82420180 -373.41385192 54.00330446 0.14517794 -0.16161559 -0.31157785 0.92505298
1654229470.93167710 704.64206329 -374.82398436 54.42531536 0.14576293 -0.16292638 -0.30614360 0.92654426
1654229471.34665799 706.41724081 -376.16700957 54.83369734 0.14540220 -0.16377858 -0.30148902 0.92797583
1654229471.76037693 708.16385179 -377.48748379 55.27322849 0.14792694 -0.16519718 -0.29595934 0.92910472
1654229472.17944288 709.95280507 -378.77489064 55.70585448 0.14495549 -0.16491358 -0.29169092 0.93097144
1654229472.59827209 711.67668750 -380.02058382 56.12142172 0.14560562 -0.16674667 -0.28623091 0.93223732
1654229473.01257396 713.39274631 -381.21766627 56.53627629 0.14531197 -0.16832044 -0.28130409 0.93349915
1654229473.42849588 715.08723670 -382.38885422 56.96100471 0.14553974 -0.16974665 -0.27627837 0.93470558
1654229473.84214091 716.80007363 -383.51802911 57.39418450 0.14458810 -0.17044464 -0.27170925 0.93606463
1654229474.34601903 718.76010034 -384.79701871 57.91236486 0.14299412 -0.17199231 -0.26721120 0.93732039
1654229474.84791398 720.59495670 -386.00017722 58.40195624 0.14071716 -0.17277583 -0.26381253 0.93848290
1654229475.34539008 722.42097545 -387.18367638 58.89350418 0.14052443 -0.17400569 -0.26125692 0.93899932
1654229475.84503388 724.10136752 -388.26853056 59.34961304 0.13951173 -0.17427324 -0.25914229 0.93968643
1654229476.43523192 726.01479623 -389.48663091 59.85874702 0.13883919 -0.17439417 -0.25648222 0.94049307
1654229477.01330709 727.95691676 -390.63564616 60.40208080 0.13912468 -0.17492165 -0.25443771 0.94090817
1654229477.60083890 729.61612837 -391.64760954 60.87554127 0.13675138 -0.17722423 -0.25020135 0.94196068
1654229478.10372090 731.35750408 -392.65015795 61.34262442 0.13489343 -0.17716490 -0.24749294 0.94295472
1654229478.67740989 733.11537861 -393.76219978 61.83429945 0.13388663 -0.17739931 -0.24161866 0.94457624
1654229479.27067590 734.88208097 -394.63269459 62.44703610 0.13326046 -0.17675353 -0.23380268 0.94675031
1654229479.85126996 736.63014890 -395.68803607 62.91982353 0.13303968 -0.17950985 -0.21966753 0.94964353
1654229480.44089508 738.50361071 -396.59434904 63.49339754 0.13100713 -0.18087186 -0.20418367 0.95311675
1654229481.01850200 740.35382493 -397.44629073 64.03848252 0.12808440 -0.18459293 -0.17746598 0.95813656
1654229481.60559392 742.28740480 -398.17877892 64.64522185 0.12276080 -0.19073351 -0.13099266 0.96508623
1654229482.18353891 744.43115097 -398.74068133 65.37218914 0.11372556 -0.19611283 -0.07576541 0.97101280
1654229482.68432593 746.39635802 -399.02298122 66.08362588 0.10767311 -0.20047106 -0.03277571 0.97321303
1654229483.18565106 748.40621583 -399.14430781 66.83931359 0.10327897 -0.20347074 -0.00148906 0.97361743
1654229483.68583798 750.46779765 -399.15735761 67.64316910 0.10201528 -0.20446218 0.00961880 0.97349657
1654229484.19253612 752.60941119 -399.14780660 68.49772041 0.10526811 -0.20485148 0.00469898 0.97310452
1654229484.68787098 754.82791500 -399.18992638 69.38329118 0.11024826 -0.20286505 -0.01960110 0.97278306
1654229485.18891096 757.03356619 -399.38386942 70.21136189 0.11828233 -0.19834666 -0.06918041 0.97050604
1654229485.68832588 759.24258123 -399.81856028 70.98769403 0.12915377 -0.19063345 -0.13591502 0.96358980
1654229486.19159102 761.37714407 -400.58773373 71.67597271 0.13957426 -0.18054312 -0.21723037 0.94907016
1654229486.61402297 763.12066907 -401.54498503 72.18704053 0.14939568 -0.16992943 -0.28515823 0.93139127
1654229487.01686001 764.79711158 -402.77537356 72.61071522 0.16000778 -0.15713650 -0.35272364 0.90845565
1654229487.44129300 766.32570794 -404.26730437 72.93919546 0.16771868 -0.14362847 -0.41640583 0.88195663
1654229487.85185003 767.65039944 -405.89972060 73.09833995 0.17131838 -0.13359577 -0.47006533 0.85547692
1654229488.27208304 768.85462490 -407.76600929 73.15828568 0.17268322 -0.12860319 -0.49707098 0.84057252
1654229488.68184495 769.99468916 -409.73542567 73.18668485 0.17202768 -0.12776999 -0.50130643 0.83831567
1654229489.10879111 771.16503149 -411.75981066 73.21775037 0.16895617 -0.12985644 -0.49293890 0.84356527
1654229489.51825690 772.41291423 -413.79638460 73.27962387 0.16747683 -0.13336414 -0.47252874 0.85491643
1654229489.94342899 773.76494292 -415.76648704 73.38799970 0.16375484 -0.13961732 -0.44442701 0.86958380
1654229490.35111189 775.22222953 -417.64092922 73.55159322 0.16050822 -0.14589503 -0.41755017 0.88238518
1654229490.77517509 776.75034367 -419.42240738 73.79416373 0.15770400 -0.14962921 -0.39074429 0.89446042
1654229491.18265390 778.35719460 -421.09956197 74.07355468 0.15225596 -0.15366459 -0.36477737 0.90561735
1654229491.61488509 779.91725608 -422.59561305 74.38047678 0.14698129 -0.15699355 -0.34296815 0.91439728
1654229492.01574898 781.53595817 -423.99158873 74.70282983 0.14575365 -0.16049429 -0.32367948 0.92099351
1654229492.44832611 783.07046114 -425.28652854 75.10861632 0.13915477 -0.16115630 -0.31231120 0.92581116
1654229492.95047402 784.70872235 -426.59041415 75.78079523 0.13743896 -0.15967127 -0.30332919 0.92930459
1654229493.45046496 786.46427296 -428.03441093 76.07337778 0.13900576 -0.16198808 -0.29713182 0.93067177
1654229493.95984507 788.12804628 -429.31975449 76.66968852 0.13845732 -0.16046815 -0.29203196 0.93262901
1654229494.45466590 789.65603712 -430.53036984 77.25326976 0.13763724 -0.15845957 -0.28699150 0.93465632
1654229494.95415998 791.31426442 -431.72091357 77.69099794 0.13840363 -0.15852643 -0.28499485 0.93514263
1654229495.45847297 792.83579767 -432.91119420 78.25185165 0.13412597 -0.15588061 -0.28435454 0.93640480
1654229495.95780396 794.58591778 -434.11182892 78.68737340 0.13297054 -0.15490565 -0.28488850 0.93656907
1654229496.45789909 796.37965150 -435.34672157 79.07287262 0.13306937 -0.15457576 -0.28592073 0.93629494
1654229496.95921707 798.22147789 -436.61781642 79.47109079 0.13329533 -0.15397286 -0.29013524 0.93506484
1654229497.46283507 800.14176549 -437.97064346 79.89228356 0.13367029 -0.15292774 -0.29769690 0.93280326
1654229497.85333800 801.77818615 -439.15343639 80.23593537 0.13476593 -0.15196380 -0.30621768 0.93004079
1654229498.29671502 803.45477831 -440.40659951 80.58045918 0.13620432 -0.15113332 -0.31339708 0.92757176
1654229498.68789601 805.18952916 -441.74303039 80.92776606 0.13784992 -0.15033455 -0.32252271 0.92432463
1654229499.12520003 806.97505554 -443.17390062 81.27837329 0.13718154 -0.14943391 -0.33331845 0.92073316
1654229499.51887298 808.77219243 -444.65358299 81.56517984 0.14531754 -0.15031380 -0.34262028 0.91591480
1654229499.95587111 810.58364316 -446.23238338 81.88537333 0.14755653 -0.14943285 -0.35471279 0.91108492
1654229500.35907793 812.24901941 -447.83542304 82.20886370 0.14950699 -0.14708477 -0.36750566 0.90606474
1654229500.79419804 814.00102557 -449.57639640 82.54168942 0.15132907 -0.14411577 -0.38104628 0.90062972
1654229501.13116598 815.38387652 -451.01055899 82.76805468 0.15250127 -0.14239828 -0.39172109 0.89611421
1654229501.45538211 816.75243094 -452.48030381 82.97768180 0.15316939 -0.14070512 -0.40164310 0.89186547
1654229501.78630400 818.07988772 -453.97394608 83.17092243 0.15413330 -0.13881650 -0.41233813 0.88710212
1654229502.11677694 819.40097132 -455.52149044 83.34019758 0.15583214 -0.13727009 -0.42285020 0.88208331
1654229502.51624489 820.97316405 -457.44371447 83.51729722 0.15743795 -0.13590115 -0.43283754 0.87715211
1654229502.94712996 822.48846611 -459.38725631 83.66593546 0.15940579 -0.13492483 -0.44322473 0.87174361
1654229503.28150392 823.68468568 -461.00577999 83.78553588 0.16085789 -0.13330908 -0.45304795 0.86666082
1654229503.68418503 825.08656957 -463.05535396 83.97809237 0.16021811 -0.12904911 -0.46498630 0.86108317
1654229504.11245108 826.46060270 -465.13441223 84.10635657 0.16050213 -0.12573526 -0.47817128 0.85427275
1654229504.45262599 827.55310908 -466.84587147 84.16897729 0.16072315 -0.12272572 -0.49141461 0.84712346
1654229504.85340691 828.84140667 -469.00799605 84.19909031 0.16120444 -0.11984714 -0.50811789 0.83753567
1654229505.18621707 829.81666331 -470.77990410 84.20040268 0.16246024 -0.11786779 -0.52081903 0.82973574
1654229505.52035999 830.73784833 -472.56445214 84.18697232 0.16312177 -0.11565088 -0.53135417 0.82321255
1654229505.94998193 831.81014327 -474.80398023 84.15062249 0.16422928 -0.11392179 -0.54185136 0.81636246
1654229506.35378695 832.82905255 -477.06102483 84.10627161 0.16504518 -0.11149778 -0.55267151 0.80924813
1654229506.78128290 833.77229216 -479.33565509 84.04045854 0.16560968 -0.10895943 -0.56299061 0.80233587
1654229507.19000196 834.66823614 -481.66603888 83.95591358 0.16590289 -0.10677109 -0.57204855 0.79613857
1654229507.61798310 835.47316383 -483.96181486 83.86947310 0.16611201 -0.10363686 -0.58155603 0.78959407
1654229508.02385712 836.28335865 -486.28583003 83.70649615 0.16684798 -0.10165480 -0.59203906 0.78186815
1654229508.46489191 837.03402263 -488.62487827 83.51726318 0.16731002 -0.10054203 -0.60188873 0.77435690
1654229508.85618711 837.73710424 -491.00343032 83.31224602 0.16770997 -0.09882253 -0.61104747 0.76728643
1654229509.27752900 838.38571373 -493.39907046 83.08274569 0.16846717 -0.09705666 -0.62167604 0.75876065
1654229509.68951106 838.97043386 -495.80146051 82.83193241 0.16915648 -0.09520991 -0.63255780 0.74979450
1654229510.11317897 839.48120050 -498.20586643 82.57866469 0.16909280 -0.09268987 -0.64165302 0.74235949
1654229510.52085996 839.94430882 -500.62508897 82.29420042 0.16999635 -0.09129640 -0.64885461 0.73603934
1654229510.94779491 840.35718686 -503.02916201 82.00145316 0.16958624 -0.08975485 -0.65501290 0.73085065
1654229511.34963012 840.73847394 -505.43717271 81.69039590 0.16953357 -0.08903678 -0.65889993 0.72744876
1654229511.77135801 841.09368723 -507.84550274 81.37764338 0.16975222 -0.08913810 -0.66193490 0.72462457
1654229512.18420410 841.43835833 -510.26550870 81.05733860 0.16965124 -0.08852451 -0.66457359 0.72230452
1654229512.60694098 841.76282316 -512.66475432 80.73716876 0.16969541 -0.08835624 -0.66619114 0.72082315
1654229513.01783490 842.08360240 -515.04257627 80.41308819 0.16956440 -0.08884519 -0.66703071 0.72001700
1654229513.44604206 842.41343475 -517.41561145 80.08559970 0.17012515 -0.09271658 -0.66806310 0.71843773
1654229513.85151291 842.71366943 -519.79317606 79.77448144 0.17055227 -0.09435531 -0.66798701 0.71819381
1654229514.28069210 843.00950023 -522.13586239 79.48830872 0.16690830 -0.09219859 -0.66842995 0.71891755
1654229514.68383598 843.30530143 -524.47715547 79.18419655 0.16710705 -0.09339723 -0.66797176 0.71914249
1654229515.10905409 843.60355172 -526.82109096 78.89796436 0.16675325 -0.09349805 -0.66782249 0.71935012
1654229515.51566911 843.91657591 -529.19123662 78.57179877 0.16835892 -0.09692886 -0.66714257 0.71915288
1654229515.94624710 844.18901986 -531.57680722 78.37438055 0.16887397 -0.09866299 -0.66789762 0.71809468
1654229516.34994698 844.47743699 -533.93644377 78.15971335 0.17009934 -0.09876848 -0.66805340 0.71764592
1654229516.68125296 844.51101675 -535.90271661 77.78631394 0.16957350 -0.10094156 -0.66584070 0.71952192
1654229517.10817599 844.72614871 -538.18625449 77.62977187 0.17255231 -0.09949618 -0.66477926 0.71999635
1654229517.51819992 845.02058621 -540.49594367 77.38908004 0.17186334 -0.09955616 -0.66597102 0.71905088
1654229517.93605590 845.30297546 -542.89510476 77.05641445 0.17091671 -0.10192955 -0.66666031 0.71830486
1654229518.34640598 845.61321581 -545.28326046 76.74063648 0.17080562 -0.10235217 -0.66629021 0.71861452
1654229518.76758099 845.84812149 -547.70439919 76.62282758 0.17293676 -0.10183085 -0.66492087 0.71944673
1654229519.18661308 846.10955240 -549.99796968 76.39937276 0.16921091 -0.09852039 -0.66515901 0.72057261
1654229519.59945011 846.37777683 -552.26932176 76.14001167 0.16884915 -0.09851370 -0.66510297 0.72071010
1654229520.01353598 846.62735491 -554.51342726 75.90905269 0.16844356 -0.09797333 -0.66523433 0.72075743
1654229520.42989707 847.00920689 -556.72608736 75.66907715 0.16836650 -0.09913526 -0.66603261 0.71987879
1654229520.85292912 847.20877370 -558.83577689 75.46403551 0.17026887 -0.09922796 -0.66582801 0.71960780
1654229521.26821899 847.58800341 -560.89421837 75.06805238 0.16885188 -0.10030211 -0.66658131 0.71909519
1654229521.68325710 847.80422946 -562.93274463 74.86559522 0.16905165 -0.10068599 -0.66510625 0.72035932
1654229522.10125589 848.09372945 -565.14392696 74.61895811 0.16833452 -0.10077707 -0.66472748 0.72086396
1654229522.51631999 848.39234972 -567.35873290 74.34306925 0.16861367 -0.10445330 -0.66442596 0.72055331
1654229522.93443799 848.69510604 -569.61925087 74.08215424 0.16871212 -0.10709073 -0.66387743 0.72064870
1654229523.34933591 849.00568455 -571.91711361 73.83301252 0.16839155 -0.10865495 -0.66410858 0.72027646
1654229523.76699209 849.30635000 -574.22988509 73.59130847 0.16809707 -0.11000673 -0.66413733 0.72011353
1654229524.18278098 849.61912132 -576.57447354 73.34060985 0.16796411 -0.11192564 -0.66418320 0.71980649
1654229524.60249901 849.93247358 -578.91740788 73.09030817 0.16761993 -0.11550504 -0.66422302 0.71928431
1654229525.01711202 850.23572664 -581.30099634 72.86832356 0.16770093 -0.11640747 -0.66400147 0.71932451
1654229525.43664098 850.54414621 -583.69632681 72.64066328 0.16895637 -0.11878353 -0.66375150 0.71887284
1654229525.85213089 850.85156591 -586.09499989 72.42921823 0.16955491 -0.11971781 -0.66359476 0.71872162
1654229526.27231789 851.15894099 -588.49693151 72.21939785 0.17084439 -0.12159984 -0.66352423 0.71816521
1654229526.68538499 851.45737492 -590.87424925 71.99839441 0.17220555 -0.12409211 -0.66324121 0.71767506
1654229527.10259891 851.76754278 -593.32923336 71.79206685 0.17247578 -0.12465527 -0.66332093 0.71743886
1654229527.51846504 852.08185088 -595.79831170 71.58952370 0.17240180 -0.12495971 -0.66313106 0.71757919
1654229527.85480404 852.32953013 -597.78375148 71.42381634 0.17324231 -0.12622012 -0.66290992 0.71736045
1654229528.18879604 852.57752316 -599.76563835 71.26896945 0.17273673 -0.12614392 -0.66324053 0.71719016
1654229528.52061701 852.82105611 -601.76622817 71.11431519 0.17299811 -0.12669667 -0.66321969 0.71704899
1654229528.85409999 853.05608405 -603.74740945 70.96693420 0.17339659 -0.12726902 -0.66329229 0.71678418
1654229529.27204490 853.34759057 -606.17926508 70.76757100 0.17382279 -0.12797364 -0.66315788 0.71667986
1654229529.68885493 853.65644488 -608.65051716 70.56635240 0.17395940 -0.12864239 -0.66307815 0.71660074
1654229530.10539103 853.94984360 -611.05743006 70.37982072 0.17384817 -0.12890457 -0.66290160 0.71674395
1654229530.52382588 854.24403191 -613.43911669 70.20308191 0.17356003 -0.12932739 -0.66274073 0.71688637
1654229530.93992400 854.52503995 -615.85099369 70.05402336 0.17336887 -0.12941275 -0.66196966 0.71762925
1654229531.35885501 854.83197523 -618.27473567 69.87555268 0.17276779 -0.12975484 -0.66140003 0.71823740
1654229531.77400208 855.12156298 -620.67262363 69.70354748 0.17248121 -0.13010291 -0.66146162 0.71818660
1654229532.19475794 855.42131940 -623.07666318 69.53082391 0.17232571 -0.13007809 -0.66146137 0.71822865
1654229532.60771799 855.72025674 -625.48482938 69.36945888 0.17227075 -0.13001302 -0.66172043 0.71801496
1654229533.02199411 856.01919366 -627.89015676 69.19401686 0.17256514 -0.13033720 -0.66174704 0.71786095
1654229533.44406700 856.32019821 -630.31670881 69.01552107 0.17270813 -0.13063191 -0.66191289 0.71762005
1654229533.85762906 856.63022153 -632.74031042 68.83430910 0.17314262 -0.13195522 -0.66196704 0.71722318
1654229534.28314090 856.93925035 -635.20644466 68.65659568 0.17331291 -0.13296146 -0.66220322 0.71677805
1654229534.69016290 857.24411723 -637.65281797 68.49165265 0.17335752 -0.13309688 -0.66240889 0.71655206
1654229535.10938406 857.53358799 -640.05695197 68.33385279 0.17345397 -0.13323436 -0.66276414 0.71617457
1654229535.52248001 857.82676248 -642.44796313 68.16530031 0.17388039 -0.13389011 -0.66302512 0.71570716
1654229535.94585395 858.09500635 -644.77847567 67.99707867 0.17383159 -0.13416776 -0.66320581 0.71549957
1654229536.35755110 858.36701953 -647.09050295 67.82963753 0.17367427 -0.13444283 -0.66314790 0.71553982
1654229536.77786303 858.62992063 -649.30928395 67.67147899 0.17368669 -0.13441259 -0.66322740 0.71546880
1654229537.18701100 858.87881355 -651.42847540 67.51824809 0.17348160 -0.13393344 -0.66341389 0.71543552
1654229537.61312795 859.07952311 -653.49256343 67.40964207 0.17400637 -0.13311722 -0.66432465 0.71461483
1654229538.02522993 859.34275602 -655.49941347 67.26720360 0.17454953 -0.13337828 -0.66486715 0.71392883
1654229538.44751406 859.53631867 -657.50324856 67.08821108 0.17512053 -0.13459598 -0.66448368 0.71391748
1654229538.85660410 859.76898130 -659.56972040 66.95344655 0.17520373 -0.13429302 -0.66496047 0.71351006
1654229539.28102207 860.00903244 -661.64696410 66.80350349 0.17543801 -0.13378802 -0.66732638 0.71133520
1654229539.68532491 860.23791573 -663.74802476 66.64050362 0.17539690 -0.13345899 -0.66992098 0.70896439
1654229540.11720610 860.45206313 -665.87553992 66.48281038 0.17533881 -0.13297670 -0.67231702 0.70679793
1654229540.51678205 860.65252973 -668.02231109 66.31776829 0.17523906 -0.13259479 -0.67366919 0.70560592
1654229540.94618297 860.84521674 -670.17573114 66.14528561 0.17480081 -0.13237053 -0.67538457 0.70411534
1654229541.35360599 861.04134724 -672.36425550 65.96405800 0.17530007 -0.13268564 -0.67718685 0.70219824
1654229541.78023410 861.22752392 -674.60568677 65.77032635 0.17503652 -0.13278313 -0.67779938 0.70165437
1654229542.18409801 861.40078649 -676.87977771 65.58418634 0.17485664 -0.13257951 -0.67816618 0.70138325
1654229542.61636710 861.57723834 -679.16375676 65.43683233 0.17090515 -0.12933833 -0.67958425 0.70158982
1654229543.01887298 861.75670511 -681.48725933 65.26191245 0.16938143 -0.12791847 -0.68032891 0.70149794
1654229543.44827294 861.94423774 -683.82072429 65.06639767 0.16920091 -0.12820785 -0.68058947 0.70123589
1654229543.85122490 862.13414742 -686.15862067 64.86769472 0.16905147 -0.12873559 -0.68074642 0.70102286
1654229544.28375912 862.31298905 -688.45056940 64.67638031 0.16882906 -0.12955154 -0.67952175 0.70211348
1654229544.68707800 862.49223968 -690.69350973 64.49974910 0.16857574 -0.13043274 -0.67699024 0.70445280
1654229545.11266398 862.68120155 -692.85706497 64.33901854 0.16785036 -0.13194671 -0.67312452 0.70803933
1654229545.52223897 862.89442320 -695.02730957 64.19069687 0.16736575 -0.13340818 -0.66802683 0.71269286
1654229545.95182800 863.13484460 -697.16278424 64.05385877 0.16646350 -0.13526089 -0.66270544 0.71750672
1654229546.35342407 863.39734536 -699.28477667 63.93630435 0.16593308 -0.13675573 -0.65765622 0.72197810
1654229546.78394198 863.67605245 -701.37108744 63.82704952 0.16531989 -0.13839067 -0.65317766 0.72586245
1654229547.19158792 863.98508666 -703.47119568 63.72906354 0.16585959 -0.13987343 -0.64941665 0.72882373
1654229547.62113094 864.30661859 -705.56017212 63.63239975 0.16600273 -0.14172046 -0.64641135 0.73110243
1654229548.02388597 864.65120622 -707.66538389 63.54608988 0.16579705 -0.14276950 -0.64424072 0.73285885
1654229548.45831704 864.97667327 -709.70860593 63.47718933 0.16575486 -0.14284750 -0.64414489 0.73293743
1654229548.85474992 865.31383713 -711.77590705 63.39162529 0.16616616 -0.14288271 -0.64426484 0.73273198
1654229549.29412699 865.67429829 -713.80713537 63.24241350 0.16672189 -0.14426047 -0.64413270 0.73245191
1654229549.69132996 866.01707980 -715.85762535 63.14482627 0.16471756 -0.14452294 -0.64490233 0.73217637
1654229550.14804506 866.35545587 -717.95641945 63.06397458 0.16493584 -0.14492984 -0.64555565 0.73147072
1654229550.52740097 866.68658291 -720.08897966 62.99827632 0.16339494 -0.14403094 -0.64605183 0.73155602
1654229550.96646905 867.02784811 -722.23864604 62.91913934 0.16374626 -0.14392925 -0.64660573 0.73100790
1654229551.35954309 867.36621867 -724.39099333 62.83621880 0.16339752 -0.14354077 -0.64774048 0.73015722
1654229551.79597092 867.69763008 -726.58709723 62.75781999 0.16243986 -0.14305440 -0.64875157 0.72956846
1654229552.19378805 868.04167666 -728.83431572 62.67015742 0.16247093 -0.14275932 -0.65015217 0.72837156
1654229552.61865091 868.42225818 -731.11897665 62.51993749 0.16547741 -0.14689549 -0.65125258 0.72588499
1654229553.02168012 868.83760504 -733.42862415 62.30728438 0.16607772 -0.14991344 -0.65366612 0.72295557
1654229553.45222807 869.13745975 -735.68581812 62.21646606 0.16586390 -0.14900760 -0.65579682 0.72126031
1654229553.85842705 869.42436364 -737.99796956 62.14987600 0.16603736 -0.14772053 -0.65952352 0.71808005
1654229554.29038692 869.69242663 -740.28920185 62.06046358 0.16587085 -0.14592738 -0.66315664 0.71513309
1654229554.69255805 869.95875690 -742.66198891 61.94692114 0.16557735 -0.14446659 -0.66686089 0.71204642
1654229555.12949395 870.19135093 -745.07241202 61.83782322 0.16452796 -0.14230364 -0.67024348 0.70954485
1654229555.52501512 870.42564645 -747.51598110 61.70939555 0.16446765 -0.14144336 -0.67240704 0.70768138
1654229555.96915102 870.64277046 -749.92829166 61.57621877 0.16379882 -0.14040824 -0.67396011 0.70656439
1654229556.29001498 870.81478648 -751.92617340 61.46445796 0.16381971 -0.14000721 -0.67517303 0.70548031
1654229556.69226503 871.01712670 -754.41868844 61.32798239 0.16322621 -0.13884661 -0.67691300 0.70417868
1654229557.02602196 871.18182139 -756.41787538 61.20440103 0.16307158 -0.13855034 -0.67792098 0.70330265
1654229557.45954394 871.36659119 -758.89771605 61.06013954 0.16233272 -0.13784017 -0.67829707 0.70325049
1654229557.79498196 871.51901219 -760.89420364 60.94434114 0.16168618 -0.13703689 -0.67862944 0.70323577
1654229558.13167095 871.67435303 -762.88467422 60.81608681 0.16122471 -0.13682496 -0.67876169 0.70325535
1654229558.46085310 871.83366781 -764.89365987 60.69054821 0.16114987 -0.13699008 -0.67826747 0.70371705
1654229558.85964394 872.02893221 -767.36835288 60.54485273 0.16098354 -0.13715223 -0.67739825 0.70456028
1654229559.29803491 872.22662982 -769.82670754 60.39628476 0.16081016 -0.13749975 -0.67647156 0.70542196
1654229559.69423103 872.42520896 -772.23710192 60.25395620 0.16074901 -0.13812768 -0.67581465 0.70594267
1654229560.12692809 872.62955783 -774.66746189 60.11334899 0.16033322 -0.13825797 -0.67548554 0.70632661
1654229560.52860999 872.83615578 -777.07324799 59.98162502 0.16053269 -0.13865659 -0.67549805 0.70619118
1654229560.96064591 873.03732107 -779.46718121 59.85002820 0.16065016 -0.13864221 -0.67601138 0.70567590
1654229561.36559391 873.24014681 -781.86803801 59.71405198 0.16091095 -0.13868816 -0.67781235 0.70387760
1654229561.79353499 873.41693421 -784.25100786 59.57549678 0.16088062 -0.13844967 -0.67856640 0.70320463
1654229562.19098592 873.59117086 -786.59261597 59.43409750 0.16060459 -0.13781936 -0.67948164 0.70250743
1654229562.62399697 873.77419726 -788.91607080 59.28343491 0.16055578 -0.13734758 -0.68147599 0.70067679
1654229563.02500892 873.93710626 -791.27248538 59.13157636 0.16060519 -0.13671210 -0.68444235 0.69789286
1654229563.45252991 874.06920487 -793.63539025 58.98352854 0.16104174 -0.13529436 -0.68895322 0.69361693
1654229563.85728312 874.17533459 -795.96118129 58.81840092 0.16169527 -0.13440176 -0.69427724 0.68830947
1654229564.28933811 874.24848026 -798.29665421 58.64908472 0.16253690 -0.13352631 -0.69904982 0.68343385
1654229564.68878388 874.28158048 -800.60988775 58.47196449 0.16348436 -0.13236561 -0.70401642 0.67831637
1654229565.12290812 874.28476963 -802.90645610 58.29018051 0.16404500 -0.13066613 -0.70838042 0.67395310
1654229565.52497292 874.26908080 -805.21745770 58.09171251 0.16418252 -0.12950298 -0.71064422 0.67175730
1654229565.95602703 874.24798433 -807.53340473 57.87521727 0.16494975 -0.12923187 -0.71314551 0.66896501
1654229566.35453892 874.21293127 -809.83933384 57.65292274 0.16577325 -0.12904803 -0.71586811 0.66588188
1654229566.78461695 874.15680767 -812.14981241 57.41751075 0.16678494 -0.12933565 -0.71823472 0.66301883
1654229567.19194889 874.08949194 -814.43025433 57.18299771 0.16709552 -0.12854210 -0.72120647 0.65986153
1654229567.62013412 874.00494649 -816.66052391 56.93439423 0.16789128 -0.12890990 -0.72341009 0.65717014
1654229568.02467704 873.91805613 -818.80726058 56.71124363 0.16701333 -0.12670639 -0.72635178 0.65457248
1654229568.44894290 873.83476909 -820.88200315 56.47281488 0.16752595 -0.12637889 -0.72904785 0.65150031
1654229568.96112800 873.67427613 -823.28252424 56.21725927 0.16766018 -0.12524412 -0.73226465 0.64806825
1654229569.45446706 873.50817837 -825.61948416 55.94986544 0.16796774 -0.12443331 -0.73490832 0.64514568
1654229569.95851898 873.33059128 -827.91136169 55.67969555 0.16850831 -0.12416121 -0.73642439 0.64332578
1654229570.46678305 873.14659110 -830.17609868 55.40878674 0.16782129 -0.12264190 -0.73829175 0.64165432
1654229570.96770597 872.95482825 -832.41366210 55.13205852 0.16814584 -0.12219186 -0.74014706 0.63951423
1654229571.48671198 872.75341790 -834.57785171 54.86189662 0.16799787 -0.12129747 -0.74231349 0.63720823
1654229571.97595096 872.54189294 -836.67110173 54.59712914 0.16748216 -0.12069635 -0.74357143 0.63599029
1654229572.47249699 872.32287635 -838.78375751 54.33454620 0.16661798 -0.12006408 -0.74317876 0.63679542
1654229572.97346401 872.10630165 -840.98097064 54.05965342 0.16810114 -0.12248479 -0.73616392 0.64405137
1654229573.47283292 871.93453984 -843.25414819 53.81020700 0.16714242 -0.12394708 -0.72746307 0.65383332
1654229573.97392988 871.83861921 -845.56262298 53.52346777 0.16614600 -0.12695954 -0.71959514 0.66216284
1654229574.48130202 871.91342699 -847.90219952 52.95994940 0.16161223 -0.13213520 -0.71270980 0.66967643
1654229574.87130404 871.89633712 -850.00727892 52.76504521 0.16093622 -0.13429120 -0.70661170 0.67584415
1654229575.31054091 871.90279635 -852.18334970 52.59650812 0.16035861 -0.13579735 -0.70153739 0.68094749
1654229575.69966412 871.95203324 -854.39967032 52.40030360 0.15955927 -0.13751474 -0.69628629 0.68616029
1654229576.14347291 872.01318831 -856.70307817 52.27470162 0.15931255 -0.13744509 -0.69403035 0.68851306
1654229576.53257704 872.09093427 -859.03741134 52.12514228 0.15904239 -0.13761887 -0.69313387 0.68944325
1654229576.97644591 872.17751105 -861.38862103 51.96924718 0.15857695 -0.13777019 -0.69308650 0.68956786
1654229577.37065911 872.25528120 -863.73949233 51.82122581 0.15850968 -0.13759629 -0.69301775 0.68968713
1654229577.81028795 872.34213136 -866.10050179 51.66378384 0.15810092 -0.13788042 -0.69233395 0.69041060
1654229578.19788504 872.44016637 -868.41455093 51.49468076 0.15852253 -0.13900934 -0.69155483 0.69086825
1654229578.63709092 872.52256204 -870.81405220 51.36172139 0.15786401 -0.13806949 -0.69104741 0.69171472
1654229579.02925992 872.60191601 -873.17450667 51.17027304 0.16063604 -0.14182813 -0.69009919 0.69126257
1654229579.47506094 872.79655350 -875.53254490 50.81367413 0.16841919 -0.15224806 -0.68865601 0.68862791
1654229579.86379099 872.86958817 -877.89239500 50.68953099 0.17075865 -0.15345349 -0.68800285 0.68843706
1654229580.30222797 872.92325320 -880.30952206 50.58898771 0.17136704 -0.15256969 -0.68754115 0.68894340
1654229580.69651103 873.00283350 -882.74074328 50.45235604 0.17093382 -0.15163364 -0.68729643 0.68950162
1654229581.13265705 873.08935892 -885.19717460 50.34284218 0.17079120 -0.15016127 -0.68745344 0.68970264
1654229581.52742600 873.17847648 -887.63139939 50.21391580 0.17059873 -0.14930794 -0.68686093 0.69052536
1654229581.96339989 873.28548551 -890.03991048 50.07545657 0.17066313 -0.14936995 -0.68631119 0.69104244
1654229582.36007690 873.38409673 -892.34090357 49.95445500 0.17074554 -0.14954513 -0.68468394 0.69259665
1654229582.79402494 873.50191972 -894.64591007 49.82440677 0.16989180 -0.14999163 -0.68277178 0.69459484
1654229583.19127893 873.63719353 -896.97321910 49.69793101 0.16938367 -0.15036736 -0.68049339 0.69686985
1654229583.62777805 873.79258243 -899.33882484 49.57056175 0.16919611 -0.15131639 -0.67800423 0.69913252
1654229584.02435398 873.95902781 -901.70760471 49.45247416 0.16837354 -0.15173506 -0.67591290 0.70126213
1654229584.46099210 874.14367810 -904.12328073 49.34466883 0.16779906 -0.15194091 -0.67442661 0.70278459
1654229584.85626793 874.34203214 -906.57460145 49.23415833 0.16716929 -0.15211299 -0.67353393 0.70375288
1654229585.29074407 874.53933991 -908.98785161 49.12553051 0.16704369 -0.15245967 -0.67250875 0.70468748
1654229585.69206190 874.74970361 -911.40485348 49.01792800 0.16689388 -0.15315154 -0.67144940 0.70558255
1654229586.12668705 874.97912204 -913.81235356 48.87168009 0.16692405 -0.15628188 -0.67038974 0.70589655
1654229586.52615094 875.20551538 -916.26500498 48.75350726 0.16671298 -0.15823496 -0.66939030 0.70645956
1654229586.95678306 875.43587891 -918.75089499 48.66394369 0.16648011 -0.15908442 -0.66891759 0.70677138
1654229587.29001188 875.61664055 -920.75322618 48.60128676 0.16643617 -0.15933786 -0.66890113 0.70674021
1654229587.68986297 875.84733023 -923.22902639 48.53505081 0.16633474 -0.15905924 -0.66974493 0.70602736
1654229588.13793993 876.06319436 -925.62875214 48.46824049 0.16654227 -0.15925147 -0.67071700 0.70501159
1654229588.52440190 876.25862613 -928.01051770 48.41397145 0.16701176 -0.15868202 -0.67130014 0.70447371
1654229588.95898390 876.46273358 -930.42199855 48.34407570 0.16764694 -0.15865363 -0.67185652 0.70379852
1654229589.35477901 876.66956316 -932.83586254 48.27496925 0.16739020 -0.15774338 -0.67271572 0.70324328
1654229589.78541493 876.86678223 -935.20344489 48.19159707 0.16759539 -0.15745805 -0.67382852 0.70219219
1654229590.18590999 877.05914686 -937.62549153 48.10551416 0.16769807 -0.15734363 -0.67392385 0.70210183
1654229590.61927509 877.25474535 -940.05606392 48.02387348 0.16789209 -0.15729807 -0.67352194 0.70245125
1654229591.02083611 877.45096810 -942.48063324 47.93900740 0.16776428 -0.15728957 -0.67343985 0.70256239
1654229591.44997692 877.64629855 -944.90583060 47.85760576 0.16723479 -0.15704448 -0.67317738 0.70299486
1654229591.84919405 877.84892221 -947.28898278 47.77629942 0.16651582 -0.15721789 -0.67273244 0.70355247
1654229592.27906895 878.03572889 -949.58874964 47.71660612 0.16517224 -0.15703634 -0.67273646 0.70390580
1654229592.68168998 878.21851873 -951.78974139 47.64942706 0.16502581 -0.15706411 -0.67243349 0.70422337
1654229593.10569692 878.39739649 -953.85587904 47.57965293 0.16469701 -0.15753887 -0.67255683 0.70407650
1654229593.60170507 878.59483306 -956.18211755 47.49815746 0.16349485 -0.15817334 -0.67319361 0.70360570
1654229594.10260892 878.76853368 -958.33000834 47.42040380 0.16275547 -0.15911041 -0.67336833 0.70339862
1654229594.60294390 878.93216629 -960.34241735 47.33180110 0.16063605 -0.16171852 -0.67344741 0.70321531
1654229595.18272591 879.09626600 -962.56728467 47.27202285 0.15832535 -0.16208237 -0.67334142 0.70375686
1654229595.68483806 879.26841318 -964.59908035 47.23343170 0.15776001 -0.16233214 -0.67463580 0.70258564
1654229596.17910504 879.45878811 -966.80808538 47.20797386 0.15560195 -0.15602290 -0.67657015 0.70263626
1654229596.67942095 879.61759573 -969.08216784 47.17302011 0.15637334 -0.15578671 -0.67691988 0.70218043
1654229597.10942602 879.75929897 -971.13224882 47.12742537 0.15514955 -0.15466246 -0.67710568 0.70252120
1654229597.51600194 879.90841640 -973.26759869 47.07868277 0.15499031 -0.15409906 -0.67642242 0.70333789
1654229597.93881512 880.06907083 -975.50824302 47.02726512 0.15431302 -0.15378119 -0.67599742 0.70396472
1654229598.35178304 880.25475553 -977.88308592 46.96781536 0.15416049 -0.15412599 -0.67601298 0.70390779
1654229598.77289391 880.42637142 -980.28774265 46.91009220 0.15272129 -0.15364864 -0.67604535 0.70429467
1654229599.18842912 880.60813222 -982.75532920 46.85428435 0.15100371 -0.15297436 -0.67630183 0.70456551
1654229599.61411500 880.78324397 -985.18206740 46.82702238 0.14530431 -0.14906064 -0.67765489 0.70530237
1654229600.01743793 880.96073256 -987.59428026 46.78401209 0.14427867 -0.14815100 -0.67804875 0.70532606
1654229600.44404292 881.12251663 -989.91640735 46.73502480 0.14345786 -0.14824658 -0.67823455 0.70529476
1654229600.85427690 881.28442426 -992.22530078 46.68573337 0.14280435 -0.14849807 -0.67782738 0.70576574
1654229601.27519107 881.43557894 -994.49520060 46.65411815 0.14278557 -0.14868811 -0.67763060 0.70591848
