# timestamp tx ty tz qx qy qz qw
1645870652.02939391 -0.00000000 0.00000000 0.00000000 0.00000000 0.00000000 0.00000000 1.00000000
1645870660.51657104 1.98654813 0.15326484 -0.23397096 0.00341326 0.00172064 -0.00780032 0.99996227
1645870663.01913095 3.98888649 0.10872377 -0.32213254 0.00138575 0.00094887 -0.03734556 0.99930100
1645870665.84859204 6.00670246 0.03493845 -0.43348668 0.00372977 0.00085557 -0.03628431 0.99933418
1645870668.09378505 8.06618410 -0.06444545 -0.52801370 0.00406112 0.00127122 -0.05871626 0.99826564
1645870670.75791192 10.05738012 -0.23638393 -0.61152227 0.00172999 0.00101249 -0.05541354 0.99846148
1645870673.43077993 12.07901590 -0.33338134 -0.69970961 0.00371389 0.00244881 -0.00823059 0.99995623
1645870675.92339110 14.10942305 -0.35068283 -0.79827447 0.00310050 0.00228073 -0.02141061 0.99976336
1645870678.36109090 16.17539788 -0.41626790 -0.90218376 0.00439897 0.00200509 -0.02553393 0.99966227
1645870680.85151696 18.22115918 -0.41599502 -0.96692953 0.00003213 0.00443368 0.00782852 0.99995953
1645870683.25688004 20.26192028 -0.38364373 -1.04749110 -0.00421990 0.00473362 -0.01411926 0.99988021
1645870685.59211206 22.26873083 -0.43383108 -1.11506987 -0.00959688 0.00465867 -0.03274632 0.99940676
1645870688.85703492 24.27085493 -0.50187072 -1.23303385 -0.00484627 0.00590587 0.00224773 0.99996829
1645870691.08829999 26.29092766 -0.44318149 -1.34499854 -0.00648265 0.00576069 -0.00566181 0.99994637
1645870693.42403889 28.35002682 -0.47711360 -1.46285123 -0.00536062 0.00553052 -0.01250480 0.99989215
1645870695.92081094 30.38378788 -0.47874838 -1.59233887 -0.00335283 0.00505943 -0.00719809 0.99995567
1645870698.18723011 32.40947952 -0.50243201 -1.69041413 -0.00501300 0.00528511 -0.03090926 0.99949565
1645870700.41788101 34.47105846 -0.56542871 -1.79193342 -0.00548724 0.00589026 -0.02100300 0.99974700
1645870703.08540297 36.50290154 -0.57925211 -1.87955403 -0.00964890 0.00621440 -0.02372008 0.99965276
1645870707.08357596 38.52970337 -0.63211429 -1.99763527 -0.00533318 0.00622222 -0.02761617 0.99958501
1645870709.58344412 40.56318599 -0.72694953 -2.09345353 -0.00636199 0.00634137 -0.03045903 0.99949565
1645870712.08379602 42.65987259 -0.75963530 -2.21150436 -0.00579022 0.00601587 -0.02578029 0.99963276
1645870714.51279211 44.67487482 -0.81592790 -2.31775873 -0.00635330 0.00604438 -0.03125333 0.99947303
1645870716.75085592 46.68503417 -0.92109993 -2.39724928 -0.00585745 0.00618675 -0.02425762 0.99966944
1645870718.91577601 48.72185075 -0.97243291 -2.52073044 -0.00518393 0.00557010 -0.03250414 0.99944264
1645870721.08029389 50.76482290 -1.05627080 -2.61579817 -0.00596998 0.00542989 -0.04682796 0.99887037
1645870723.50976205 52.81390833 -1.15941236 -2.73065113 -0.00197195 0.00704232 0.02417347 0.99968103
1645870725.84942508 54.71832524 -0.85697789 -2.85142944 0.00269320 0.01198510 0.15672473 0.98756593
1645870728.35317492 56.61358860 -0.10918982 -2.99790098 0.00512633 0.01485853 0.22422249 0.97441122
1645870730.68560195 58.39570850 0.83097419 -3.13486228 0.00778925 0.01479300 0.24218763 0.97008538
1645870732.85381103 60.15040734 1.80131451 -3.27547520 0.00535072 0.01439451 0.22346351 0.97459131
1645870735.08010197 62.01542649 2.75451633 -3.42514670 0.00439205 0.01357887 0.21457305 0.97660367
1645870737.24575210 63.84022130 3.70482377 -3.56102065 0.00497204 0.01293688 0.22268829 0.97479118
1645870739.35401297 65.65349820 4.57236556 -3.69095962 0.00166153 0.01185181 0.16406965 0.98637616
1645870741.41294694 67.34568469 5.07666299 -3.83251129 -0.00198986 0.01002930 0.03114994 0.99946242
1645870744.07910109 69.36467434 5.16505533 -3.96501237 -0.00573839 0.00773765 -0.02128240 0.99972709
1645870746.68432403 71.41203783 5.10405684 -4.10226298 -0.00283563 0.00575955 -0.04611700 0.99891542
1645870748.69049191 73.42598253 4.90174410 -4.21177825 -0.00278323 0.00527214 -0.06338762 0.99797118
1645870750.75112891 75.45957888 4.73107155 -4.31400610 -0.00333611 0.00454338 -0.07145365 0.99742799
1645870753.08292603 77.49358468 4.45931944 -4.41389179 -0.00369880 0.00398091 -0.08410982 0.99644167
1645870756.57949495 79.48060219 4.07717653 -4.49977264 -0.01233463 0.00194055 -0.11367050 0.99344004
1645870759.02563810 81.43144776 3.52791465 -4.58045899 -0.01738441 -0.00165168 -0.22761614 0.97359435
1645870761.08300591 83.24777501 2.54068721 -4.64011620 -0.02153219 -0.00358140 -0.28794327 0.95739867
1645870763.25031304 84.95634376 1.37712386 -4.68686827 -0.02210402 -0.00406989 -0.30963340 0.95059034
1645870765.41518593 86.71755252 0.27427956 -4.74400172 -0.01832451 -0.00191417 -0.23637515 0.97148718
1645870767.41147304 88.56281338 -0.56233634 -4.81767919 -0.01615930 -0.00008689 -0.17959820 0.98360732
1645870769.51900911 90.50847675 -1.21952669 -4.88861990 -0.01513276 0.00110127 -0.15256340 0.98817721
1645870771.41130209 92.48810920 -1.70493731 -4.97290384 -0.01034710 0.00303592 -0.07746344 0.99693688
1645870773.51123190 94.50108143 -1.95247179 -5.07017662 -0.00967049 0.00323961 -0.06619675 0.99775447
1645870775.50762892 96.52060098 -2.20341132 -5.17387914 -0.01011018 0.00278303 -0.06215737 0.99801127
1645870777.67247510 98.51876885 -2.41645792 -5.27001775 -0.01076180 0.00103115 -0.06867778 0.99758031
1645870779.67150998 100.52843152 -2.63591649 -5.36324991 -0.01394923 0.00009552 -0.08378024 0.99638661
1645870781.57227993 102.56943001 -2.94888203 -5.45791848 -0.01689624 -0.00205149 -0.12422197 0.99210847
1645870783.66484690 104.57792804 -3.46557946 -5.52848801 -0.02018233 -0.00365144 -0.16536052 0.98601990
1645870785.66518211 106.52550769 -4.09209868 -5.59783257 -0.01883832 -0.00303090 -0.17255552 0.98481497
1645870787.82736707 108.45533529 -4.74616442 -5.67323395 -0.01512591 -0.00409240 -0.18142062 0.98328074
1645870789.82506990 110.39383715 -5.48332637 -5.74005311 -0.01614085 -0.00523760 -0.22109227 0.97510525
1645870791.82555389 112.24371845 -6.32920510 -5.79712142 -0.01574624 -0.00463905 -0.20531562 0.97855814
1645870793.73269701 114.13425628 -7.16671164 -5.86227829 -0.01569303 -0.00541529 -0.21749775 0.97591963
1645870795.73603892 116.00079909 -7.98486557 -5.91941358 -0.01762109 -0.00577460 -0.23313484 0.97226761
1645870797.73453212 117.83902438 -8.83559144 -5.99121544 -0.01498705 -0.00766866 -0.23730108 0.97129026
1645870799.82503700 119.72762877 -9.73246725 -6.06367323 -0.01417915 -0.00685334 -0.23363502 0.97219682
1645870801.82503605 121.54753173 -10.57283836 -6.10045422 -0.01434406 -0.00520960 -0.21752773 0.97593483
1645870803.83068991 123.39724487 -11.37475431 -6.15706304 -0.01313760 -0.00606880 -0.21857467 0.97571291
1645870805.90199995 125.22589238 -12.23933308 -6.19414094 -0.01418571 -0.00630445 -0.25074729 0.96792811
1645870807.98899198 127.06172626 -13.21860080 -6.25421187 -0.01695119 -0.00780608 -0.28926532 0.95706703
1645870811.90188193 128.71884828 -14.37009199 -6.29287354 -0.01849779 -0.00774758 -0.31664781 0.94833115
1645870816.06396794 130.37549604 -15.53373893 -6.33745043 -0.01944506 -0.00831449 -0.31559701 0.94865762
1645870818.32091093 132.00942053 -16.74471319 -6.36984699 -0.01873933 -0.00986660 -0.33674721 0.94135690
1645870820.32170892 133.55939766 -18.07152717 -6.40304816 -0.02074144 -0.01150087 -0.37356411 0.92730113
1645870822.39893794 135.02746963 -19.43222951 -6.41200007 -0.01997205 -0.01268242 -0.38924184 0.92083173
1645870824.56483293 136.45329947 -20.85055690 -6.41532646 -0.02416753 -0.01307897 -0.41000751 0.91166809
1645870826.48759508 137.85265621 -22.34999489 -6.40079988 -0.02996879 -0.00785027 -0.39707775 0.91726196
1645870828.73161292 139.24618933 -23.83812299 -6.41896600 -0.03198064 -0.00702938 -0.39580731 0.91774964
1645870830.81880498 140.61849340 -25.30796171 -6.43017712 -0.03441122 -0.00888538 -0.44290719 0.89586279
1645870832.82015491 141.86930835 -26.86839770 -6.39715857 -0.03209383 -0.00658323 -0.43833370 0.89821502
1645870834.73085809 143.15918637 -28.48092495 -6.41501351 -0.02844487 -0.00604592 -0.41624983 0.90878513
1645870836.82074809 144.47603007 -29.98701226 -6.45080011 -0.03434512 -0.00729080 -0.44644119 0.89412388
1645870838.81975389 145.74247738 -31.61165962 -6.46593623 -0.03671795 -0.00927741 -0.45630238 0.88901848
1645870840.56236005 146.92169929 -33.22938503 -6.44807093 -0.03700808 -0.00865659 -0.44577647 0.89433707
1645870842.39764094 148.19740063 -34.87038134 -6.44653047 -0.03488011 -0.00882935 -0.43822515 0.89814483
1645870844.39594698 149.46470677 -36.46139453 -6.44144380 -0.03341542 -0.00874675 -0.43660794 0.89898855
1645870846.23007488 150.74525720 -38.05397822 -6.44453268 -0.03213753 -0.01054970 -0.44488825 0.89494711
1645870848.23232102 151.98551662 -39.63157898 -6.43996677 -0.03304989 -0.01108637 -0.44325971 0.89571515
1645870850.16135693 153.23318660 -41.22167712 -6.43850964 -0.03392192 -0.01190312 -0.44142594 0.89657724
1645870852.32936502 154.53946746 -42.81144044 -6.41333949 -0.03503037 -0.01011295 -0.43111522 0.90155991
1645870854.39825892 155.79823540 -44.46687756 -6.39763759 -0.03193964 -0.01033577 -0.44867336 0.89306508
1645870856.40089202 157.08743460 -46.08620679 -6.40222415 -0.03006797 -0.00837092 -0.38566364 0.92211138
1645870858.73098493 158.57691209 -47.51661400 -6.40977598 -0.02926281 -0.01091120 -0.40669294 0.91303093
1645870860.72660303 159.97220478 -49.00595487 -6.41450943 -0.02943725 -0.01008739 -0.40101506 0.91554280
1645870862.65749907 161.34036638 -50.54153831 -6.41687558 -0.02311062 -0.01018884 -0.41131034 0.91114538
1645870864.56178594 162.75102557 -52.06873499 -6.42249324 -0.02443145 -0.00858598 -0.40899540 0.91216892
1645870866.65134192 164.09477521 -53.57991545 -6.45388972 -0.02351194 -0.01080134 -0.40309574 0.91479197
1645870868.65249610 165.52328811 -55.07648275 -6.47464309 -0.03839872 -0.01226260 -0.41324371 0.90972787
1645870870.55950594 166.91947994 -56.57704905 -6.48412699 -0.03678967 -0.01267955 -0.41292253 0.90993447
1645870872.48563290 168.31363044 -58.07044617 -6.47910541 -0.03166950 -0.01407898 -0.40701612 0.91276322
1645870874.22675490 169.75985155 -59.54629214 -6.43411591 -0.03631968 -0.00321459 -0.38812582 0.92088484
1645870876.05702806 171.22696445 -61.00017299 -6.44459493 -0.03414281 -0.00307769 -0.38835398 0.92087240
1645870878.15151405 172.71449537 -62.38372553 -6.48145004 -0.03152837 -0.00321406 -0.37418773 0.92681129
1645870880.14870191 174.19843016 -63.78940209 -6.52747773 -0.03117479 -0.00396491 -0.39887589 0.91646628
1645870881.97795701 175.59597591 -65.25762988 -6.55725448 -0.03187935 -0.00382304 -0.40720937 0.91277030
1645870883.88751888 176.95837464 -66.74036048 -6.58071030 -0.03151391 -0.00292137 -0.39349094 0.91878355
1645870886.05355310 178.37756959 -68.16425740 -6.61899152 -0.03109183 -0.00368993 -0.40065410 0.91569426
1645870888.88685107 179.81645418 -69.62008597 -6.65678454 -0.03077909 -0.00312829 -0.37154549 0.92789914
1645870891.55393696 181.27154568 -71.02837561 -6.66243932 -0.02461246 -0.00133873 -0.34025615 0.94000967
1645870893.97713709 182.88311943 -72.20469042 -6.84767712 -0.02418478 -0.00016617 -0.27093197 0.96229462
1645870896.32009292 184.65024208 -73.17992548 -6.93285002 -0.02097756 0.00391026 -0.16945091 0.98530759
1645870898.89031696 186.59878740 -73.69402717 -7.03675066 -0.01695628 0.00772509 -0.08636153 0.99608960
1645870900.83088994 187.71235289 -73.80001592 -7.10342651 -0.00604120 0.01050136 0.04370933 0.99897083
1645870902.99396801 189.00644864 -73.59148654 -7.18302601 0.00023260 0.01488994 0.18006503 0.98354198
1645870904.72768688 190.03361692 -73.09030703 -7.27604676 0.00567222 0.01919697 0.30758840 0.95130893
1645870907.72890401 191.58771221 -71.80368496 -7.42363518 0.00810061 0.01994392 0.30343199 0.95260991
1645870912.39534402 193.22095338 -70.65367969 -7.57460160 0.00941211 0.01728324 0.28728267 0.95764365
1645870915.65524101 194.91395948 -69.50220930 -7.70898699 0.00632332 0.01694129 0.26381167 0.96440469
1645870918.32035589 196.64449860 -68.37886704 -7.85927060 0.00912986 0.01897801 0.32586440 0.94518193
1645870920.65592504 198.16371824 -67.07146904 -8.00321710 0.01474236 0.01820659 0.35917793 0.93297502
1645870922.99166012 199.64548114 -65.66909651 -8.13511302 0.01497331 0.01854349 0.36237528 0.93172748
1645870925.23241901 201.13814359 -64.24522618 -8.27100997 0.01620500 0.01921003 0.38162512 0.92397546
1645870927.32687211 202.51111367 -62.79356407 -8.40643230 0.01727889 0.01838962 0.37724898 0.92576804
1645870929.39593005 203.89429483 -61.34712153 -8.53439600 0.01797517 0.01968496 0.37030019 0.92852957
1645870931.49682808 205.32712427 -59.94311223 -8.66682658 0.01913355 0.02042276 0.37011528 0.92856421
1645870933.56641412 206.73858989 -58.52517317 -8.78674237 0.01966737 0.02083239 0.37818391 0.92528705
1645870935.73305202 208.19132390 -57.08605586 -8.92134405 0.01916677 0.02041980 0.35072485 0.93605969
1645870937.99878812 209.68988052 -55.68764243 -9.06928741 0.02124494 0.02071086 0.36493278 0.93056100
1645870940.23061490 211.15724568 -54.26735211 -9.18438026 0.02044197 0.02242651 0.37304022 0.92731881
1645870943.66192198 212.65685116 -52.89994178 -9.39432158 0.02243170 0.02322145 0.37632156 0.92592638
1645870946.16395712 213.93925568 -51.34001075 -9.51276138 0.02674768 0.02354664 0.38839882 0.92080208
1645870948.99960303 215.29905433 -49.83761575 -9.63931584 0.02967036 0.02541089 0.41599692 0.90852657
1645870951.23181009 216.56050694 -48.28501805 -9.76965346 0.02937639 0.02608933 0.42543690 0.90413484
1645870953.73374605 217.76834896 -46.58246323 -9.90498000 0.03166123 0.02566374 0.47718858 0.87785534
1645870955.89794993 218.81476472 -44.81896759 -10.02102813 0.03085530 0.02529352 0.47679974 0.87810603
1645870957.89816689 219.92123793 -43.11093168 -10.12998794 0.03074449 0.02665340 0.48178287 0.87534544
1645870959.83289194 220.94043552 -41.29782247 -10.23157594 0.03245858 0.02613115 0.51770505 0.85454379
1645870961.73197389 221.83997770 -39.42339932 -10.33152525 0.03289487 0.02655268 0.52306327 0.85124479
1645870963.49608588 222.69089762 -37.57235308 -10.43514880 0.03264388 0.02643489 0.54348215 0.83836909
1645870965.23262811 223.43203440 -35.65846126 -10.52839377 0.03466766 0.02748992 0.57274810 0.81853654
1645870966.90009594 224.05318721 -33.74896998 -10.61709678 0.03507821 0.02770511 0.56688123 0.82258594
1645870968.90414190 224.70782845 -31.78048159 -10.71200189 0.03871507 0.02743281 0.58837150 0.80719735
1645870970.84522796 225.21155586 -29.80897516 -10.77363682 0.04097205 0.02751690 0.62753206 0.77702486
1645870972.67596602 225.60437798 -27.83042955 -10.83825350 0.04092353 0.02662181 0.62817972 0.77653512
1645870974.57030010 225.97930412 -25.84208032 -10.89542412 0.04098447 0.02628369 0.64906613 0.75917231
1645870976.40609407 226.20982611 -23.77733274 -10.95010506 0.04390873 0.02570675 0.67153024 0.73922819
1645870978.17255592 226.35299093 -21.73970120 -10.99492266 0.04461269 0.02554662 0.68801399 0.72387418
1645870980.35888290 226.40878259 -19.70861894 -11.03570962 0.04536807 0.02489178 0.69638760 0.71579777
1645870985.17997789 226.45373083 -17.65994915 -11.03758196 0.04342641 0.02312813 0.68467631 0.72718470
1645870987.23580003 226.43715502 -15.64180859 -11.05400882 0.04158889 0.02244237 0.70333082 0.70929011
1645870989.40436196 226.41179598 -13.53921848 -11.07937989 0.04202488 0.02269190 0.70679802 0.70580135
1645870991.50626302 226.36239767 -11.51084390 -11.09893809 0.04135827 0.02321155 0.70399854 0.70861610
1645870993.50308800 226.32680899 -9.50242496 -11.13254623 0.04076559 0.02339243 0.69647417 0.71604098
1645870995.57356191 226.31531861 -7.43706369 -11.17247945 0.04270028 0.02421295 0.70775135 0.70475418
1645870997.56712294 226.34572311 -5.40154891 -11.21756442 0.04159204 0.02450782 0.68165425 0.73008010
1645870999.56687188 226.25079684 -3.34510541 -11.24858193 0.04526248 0.02433606 0.73465230 0.67649468
1645871001.65291095 226.12469099 -1.28535139 -11.26714642 0.04407982 0.02409197 0.72023729 0.69190663
1645871003.90047789 226.02584567 0.71717666 -11.28587407 0.04425014 0.02445892 0.71043659 0.70194268
1645871005.83518195 225.94366821 2.73651591 -11.31062496 0.04447507 0.02523118 0.71784953 0.69431794
1645871007.56763506 225.77961855 4.75272690 -11.33225174 0.04465793 0.02541993 0.71611163 0.69609168
1645871009.40135002 225.65537040 6.76224037 -11.34640244 0.04268086 0.02447031 0.70332814 0.70916082
1645871011.33749199 225.58809399 8.83486323 -11.36716067 0.04170638 0.02345308 0.70324871 0.70933192
1645871013.23177004 225.51496892 10.89209198 -11.38786952 0.04111304 0.02239550 0.70697520 0.70568706
1645871014.99453306 225.41805682 12.96802409 -11.41938601 0.04241597 0.02288532 0.71019705 0.70235127
1645871016.82963800 225.35729349 15.02027500 -11.43964615 0.04164331 0.02263276 0.71379077 0.69875342
1645871018.66852307 225.28142041 17.09628885 -11.46756347 0.04053279 0.02190584 0.69478253 0.71774262
1645871020.39836097 225.26450129 19.16420816 -11.50021989 0.04192659 0.02206549 0.71040779 0.70219374
1645871022.00073600 225.14902631 21.18849100 -11.52141102 0.04211387 0.02246292 0.71050088 0.70207574
1645871023.55913997 225.02559987 23.20918631 -11.54107043 0.04306278 0.02272341 0.72526251 0.68674853
1645871025.22754407 224.91541392 25.27407664 -11.57152888 0.04231223 0.02305242 0.70656645 0.70600433
1645871026.89205909 224.84597608 27.28856118 -11.59356565 0.04322169 0.02261419 0.72027663 0.69196970
1645871028.55878091 224.64700623 29.34803127 -11.55686470 0.04184801 0.02316750 0.70778955 0.70480208
1645871030.55611110 224.61914562 31.38949491 -11.38613630 0.03784036 0.02407954 0.70090917 0.71183890
1645871032.55823398 224.47250737 33.44059401 -11.44297852 0.04105331 0.01735655 0.71699589 0.69565097
1645871034.39198709 224.38232728 35.48700961 -11.46269163 0.04309038 0.01754585 0.71012350 0.70253824
1645871036.33443689 224.35276342 37.50748984 -11.45923025 0.04143092 0.01725566 0.70453704 0.70824662
1645871038.16422796 224.25261559 39.51324513 -11.46742002 0.04157827 0.01714582 0.71773640 0.69486094
1645871039.81855607 224.15250715 41.53099273 -11.49053392 0.04070927 0.01652507 0.71037140 0.70245437
1645871041.55625010 224.07023158 43.54497431 -11.50225910 0.04476521 0.01781502 0.71968128 0.69263089
1645871043.31998110 223.92310279 45.63309703 -11.49500734 0.04587309 0.01851953 0.72230629 0.68980164
1645871044.88798594 223.81705528 47.64653203 -11.51131703 0.04478045 0.01801355 0.71272803 0.69977780
1645871046.38683891 223.69382917 49.66107004 -11.50536012 0.04420595 0.01742890 0.70890350 0.70370299
1645871047.88617706 223.67912234 51.73414086 -11.51457837 0.04361593 0.01764213 0.69767662 0.71486624
1645871049.50232697 223.63431418 53.77224183 -11.52090643 0.04399731 0.01770391 0.70560345 0.70701809
1645871051.00224304 223.59772618 55.78377169 -11.52646970 0.04400751 0.01767968 0.70798585 0.70463239
1645871052.50285697 223.54513216 57.84989540 -11.53032923 0.04428581 0.01857318 0.69675725 0.71569766
1645871053.88895988 223.53817525 59.85893466 -11.54711886 0.04600353 0.02019523 0.70936191 0.70305156
1645871055.39129210 223.44176893 61.89213344 -11.53703718 0.04410178 0.01891572 0.70396887 0.70860783
1645871056.88751507 223.38156266 63.98953824 -11.55304119 0.04407265 0.01908025 0.70393807 0.70863583
1645871058.38812494 223.35228070 65.99055702 -11.56688645 0.04525418 0.01897437 0.71360641 0.69882610
1645871059.99322104 223.21261842 68.12207199 -11.57004080 0.04521157 0.01877912 0.71843579 0.69386834
1645871061.49660206 223.12328744 70.16270274 -11.57157533 0.04373347 0.01857653 0.70709268 0.70552267
1645871062.99933004 223.09482738 72.17004268 -11.58082445 0.04367511 0.01885349 0.70564568 0.70696620
1645871064.49756098 223.01428673 74.22227857 -11.59791452 0.04664333 0.01923764 0.73021741 0.68134928
1645871066.05513906 222.79409094 76.22170371 -11.59182685 0.04609268 0.01827536 0.74159665 0.66901112
1645871067.66248012 222.52769057 78.26863285 -11.58856779 0.04613559 0.01911831 0.74670534 0.66327757
1645871069.21960497 222.24682035 80.25978526 -11.58186918 0.04693482 0.01953856 0.75328297 0.65572870
1645871070.82432795 221.90198921 82.26714773 -11.55395776 0.04712350 0.02129608 0.76942010 0.63664634
1645871072.38675594 221.47372141 84.23854467 -11.54628466 0.04804360 0.02135262 0.77181023 0.63367567
1645871073.99113488 220.96369539 86.21113980 -11.52411195 0.05023538 0.02184417 0.79543644 0.60355622
1645871075.55517793 220.36620987 88.19787223 -11.49986200 0.05041580 0.02205012 0.79819928 0.59987495
1645871077.16175199 219.68045621 90.16633476 -11.46849911 0.05078580 0.02062317 0.81863474 0.57169280
1645871078.72488904 218.88295606 92.11781075 -11.43456121 0.05152605 0.02093452 0.82936231 0.55593612
1645871080.32408309 218.07274305 94.02242659 -11.39151346 0.05052243 0.02129101 0.81372891 0.57865312
1645871082.05796695 217.27481428 95.94854137 -11.35486844 0.05176420 0.02080069 0.84437301 0.53284333
1645871083.89157391 216.28833623 97.73462214 -11.29399391 0.05247950 0.02068348 0.85721835 0.51185426
1645871085.82104707 215.27376760 99.56321121 -11.23309697 0.05097744 0.02059905 0.85368544 0.51787851
1645871087.64897895 214.18970189 101.28283430 -11.18025357 0.05248575 0.02038066 0.88022943 0.47119637
1645871089.39299989 213.00798542 102.99062057 -11.11542401 0.05249999 0.02012655 0.88447231 0.46319262
1645871091.05799699 211.80000742 104.64756112 -11.04904905 0.05301657 0.02106311 0.88671325 0.45878667
1645871092.81668997 210.46261643 106.23408095 -11.14750168 0.06076609 0.02678368 0.91005405 0.40913536
1645871094.65088296 209.03822259 107.77193883 -11.09992625 0.06153969 0.02595655 0.91570848 0.39625383
1645871096.81241703 207.60481295 109.24046288 -11.06988201 0.06263071 0.02579834 0.91753770 0.39183721
1645871098.81187391 206.11184434 110.63565620 -10.93950137 0.06301299 0.02515615 0.92685746 0.36923133
1645871100.64362192 204.59532126 112.02862546 -10.82924427 0.06314778 0.02440438 0.91761355 0.39166588
1645871102.39268899 203.16136255 113.43997990 -10.70817430 0.06262942 0.02456745 0.92484506 0.37434691
1645871104.22476912 201.64550754 114.84618911 -10.57457241 0.06184630 0.02445382 0.92167682 0.38221575
1645871106.14896011 200.15155602 116.27142399 -10.45945903 0.06219918 0.02592597 0.92514327 0.37358941
1645871107.88859200 198.69341298 117.68735789 -10.35807071 0.06157905 0.02498139 0.92203527 0.38135930
1645871109.65020490 197.20454144 119.11756895 -10.25448319 0.06196064 0.02563069 0.91995643 0.38624359
1645871111.38689303 195.73646226 120.60870535 -10.13355010 0.06043315 0.02688048 0.91716645 0.39297708
1645871113.05432510 194.28847503 122.05887865 -10.03833668 0.06054357 0.02597673 0.92037831 0.38543930
1645871114.72109008 192.82579462 123.48412276 -9.94044670 0.06100531 0.02775473 0.91909515 0.38829387
1645871116.47890711 191.33407450 124.90307483 -9.83967452 0.06196688 0.02897443 0.92025854 0.38528536
1645871118.21895099 189.89278888 126.29738861 -9.72368272 0.06077311 0.02766511 0.92521123 0.37353107
1645871119.98264599 188.40952275 127.66790004 -9.62400383 0.06066645 0.02744861 0.92673073 0.36977873
1645871121.81793094 186.89766952 129.08499761 -9.50808044 0.05930135 0.02665554 0.92081171 0.38454990
1645871123.55356407 185.45275188 130.48917979 -9.41735660 0.05974285 0.02701520 0.91911442 0.38849665
1645871125.31950998 184.02059999 131.97448840 -9.32651483 0.05987604 0.02897249 0.91382666 0.40061987
1645871127.05370593 182.57433517 133.39564621 -9.22593411 0.06000361 0.02873653 0.92161537 0.38235964
1645871128.72051597 181.05503345 134.85580797 -9.12987580 0.06067707 0.02960361 0.91815401 0.39042943
1645871130.48281598 179.59041160 136.30441857 -9.02419864 0.06033983 0.02876472 0.92053149 0.38490709
1645871132.21971989 178.06026075 137.73462518 -8.93214945 0.06100406 0.02898351 0.92927597 0.36315924
1645871133.88430905 176.57908500 139.11711634 -8.84682807 0.06216692 0.02888796 0.92280480 0.37912011
1645871135.55389810 175.13254701 140.53681215 -8.74146762 0.06030084 0.02775052 0.91697006 0.39339501
1645871137.21851802 173.65776982 141.98464696 -8.61862040 0.05843138 0.02571387 0.92936961 0.36358865
1645871138.88442802 172.16618197 143.32189158 -8.64588458 0.06143337 0.03022814 0.92400108 0.37621031
1645871140.48277903 170.70924529 144.69099298 -8.56436179 0.06210303 0.03035450 0.92557648 0.37219617
1645871142.15960789 169.19839912 146.05265742 -8.46553424 0.06217862 0.02918580 0.93234792 0.35497797
1645871143.71543503 167.68498323 147.39339953 -8.35738629 0.06111783 0.02938874 0.92476739 0.37444116
1645871145.31718802 166.15912497 148.82751888 -8.27003708 0.06218794 0.03084133 0.92659338 0.36960273
1645871146.98605704 164.62594150 150.17771175 -8.15470569 0.06173303 0.02804982 0.93167365 0.35691239
1645871148.72034907 163.04436382 151.53638403 -8.03949345 0.06151494 0.02833236 0.92615037 0.37102383
1645871150.50421309 161.53520200 152.95942434 -7.94098283 0.06228790 0.03005137 0.92812178 0.36579653
1645871152.16587710 159.96309798 154.40623879 -7.83557925 0.06200638 0.02998817 0.92383309 0.37654793
1645871153.83700299 158.45476708 155.81193765 -7.73590998 0.06267685 0.03028009 0.92582452 0.37148848
1645871155.49998212 156.96114398 157.19874016 -7.63280247 0.06224235 0.03040459 0.92129505 0.38264459
1645871157.05587101 155.49831995 158.60297703 -7.52781091 0.06251038 0.03022821 0.92655442 0.36969666
1645871158.72001004 153.96486313 159.96825689 -7.40825302 0.06167141 0.02877436 0.91941943 0.38734557
1645871160.39084792 152.49559396 161.35886081 -7.30948778 0.06224389 0.02881407 0.92686913 0.36906513
1645871162.16731501 150.98250935 162.75649814 -7.19694472 0.06057660 0.02876833 0.91725783 0.39260787
1645871163.83602595 149.53252975 164.22784065 -7.09552533 0.05973296 0.02935903 0.90605489 0.41789299
1645871165.49695396 148.17850372 165.71479866 -7.00425809 0.06004030 0.02740126 0.91698991 0.39341307
1645871167.16280699 146.71013716 167.11580820 -6.90472745 0.06031646 0.02718946 0.91785478 0.39136333
1645871168.88335490 145.19856043 168.53287523 -6.78620515 0.06009018 0.02600451 0.92344447 0.37810481
1645871170.54876494 143.67334324 169.93596205 -6.67831418 0.06095996 0.02483634 0.93391012 0.35139570
1645871172.49313688 142.13308117 171.21226796 -6.55286256 0.06091757 0.02500558 0.92756718 0.36780824
1645871174.48744988 140.62713369 172.60412645 -6.43992692 0.06022514 0.02400625 0.92433613 0.37603104
1645871176.65330100 139.14446003 173.94780689 -6.37581674 0.05997562 0.02306323 0.93221703 0.35614944
1645871178.55037498 137.56038250 175.32122885 -6.24086548 0.05894074 0.02268948 0.93124047 0.35889046
1645871180.51464701 136.02555997 176.69993217 -6.12590506 0.05744599 0.02125666 0.93065695 0.36072947
1645871182.38673401 134.46812259 178.04367445 -6.02334208 0.05853702 0.02267656 0.93095338 0.35970127
1645871184.22427297 132.95747917 179.35836337 -5.92101511 0.05842948 0.02128641 0.93328152 0.35372091
1645871186.21815491 131.35634966 180.71661771 -5.82312176 0.05918211 0.02051080 0.93658473 0.34479825
1645871188.04958701 129.75381573 182.05042729 -5.70486724 0.05933159 0.02023354 0.93068445 0.36041202
1645871189.88447690 128.20338632 183.42506663 -5.59432526 0.05958298 0.02027837 0.92907757 0.36449076
1645871191.82283092 126.66568569 184.78625237 -5.48444531 0.05958515 0.02038365 0.93181422 0.35743025
1645871193.54896688 125.12217375 186.05460464 -5.37422513 0.05990921 0.02042731 0.92938552 0.36364290
1645871195.54925299 123.58820837 187.38860814 -5.25898847 0.05987012 0.02010243 0.92862828 0.36559675
1645871197.49551892 122.00204924 188.72272943 -5.13619883 0.06073243 0.02130145 0.94553133 0.31910552
1645871199.49575710 120.33663964 189.95151506 -5.01724472 0.06082274 0.02080018 0.94396010 0.32373951
1645871201.34010100 118.65282574 191.11719692 -4.89200520 0.06149900 0.02068077 0.95709844 0.28240530
1645871203.17010403 116.92523226 192.13846794 -4.76322307 0.06246322 0.02133355 0.96537670 0.25237087
1645871205.04923010 115.09489376 193.07389816 -4.61544632 0.06249392 0.02208262 0.96504270 0.25357339
1645871207.04875302 113.27826860 194.02940946 -4.47099284 0.06226037 0.02135007 0.96560394 0.25154892
1645871209.00043392 111.43034218 194.98769434 -4.32471601 0.06296967 0.02188999 0.96944688 0.23606862
1645871210.71367311 109.59773366 195.87094824 -4.18726834 0.06301791 0.02290337 0.96385173 0.25786434
1645871212.51575208 107.76706511 196.85960107 -4.03519993 0.06269394 0.01994750 0.97337857 0.21955804
1645871214.32756710 105.86272013 197.64697671 -3.90132756 0.06344543 0.01962747 0.98091362 0.18275094
1645871216.04451895 103.95517801 198.38204708 -3.74682971 0.06254702 0.01795117 0.97748135 0.20073822
1645871217.87583494 102.09974016 199.13964352 -3.60799767 0.06218516 0.01589515 0.98042747 0.18612448
1645871219.65771198 100.18537962 199.84946687 -3.45988481 0.06286612 0.01735882 0.97825276 0.19689606
1645871221.32082701 98.31233831 200.62980517 -3.32453135 0.06330622 0.01790284 0.97776821 0.19910080
1645871222.98572493 96.46153634 201.39856373 -3.16818791 0.06243868 0.01638187 0.98232616 0.17569394
1645871224.64940095 94.54549694 202.15439201 -3.01786738 0.06230197 0.01660023 0.97506082 0.21236594
1645871226.37636399 92.70274076 203.00186435 -2.85744426 0.06034945 0.01471202 0.97446878 0.21575937
1645871228.20869493 90.85005090 203.80100755 -2.72302858 0.05970246 0.01324457 0.97586512 0.20963651
1645871230.03990507 89.00984163 204.62156715 -2.57557202 0.05894503 0.01218432 0.97524887 0.21275964
1645871231.87587690 87.14292776 205.43638174 -2.41612714 0.05733059 0.01006441 0.97406996 0.21863123
1645871233.70453811 85.23120066 206.31427813 -2.27683285 0.05706236 0.00970771 0.96808373 0.24385147
1645871235.53694892 83.42619731 207.18527834 -2.14129284 0.05676118 0.01063887 0.98172751 0.18131764
1645871237.37112689 81.53870337 208.00870455 -2.02167676 0.05733492 0.01210981 0.96204079 0.26654002
1645871239.20371389 79.82020577 209.09001087 -1.92196313 0.05837240 0.01321127 0.94674968 0.31635925
1645871241.30184507 78.13402426 210.31295240 -1.78995130 0.05811781 0.01556068 0.93904129 0.33849911
1645871243.13480592 76.55212700 211.65763886 -1.68161947 0.05802957 0.01513235 0.93162432 0.35844067
1645871244.96658206 74.94114237 213.00409187 -1.56413419 0.05876129 0.01465088 0.93735923 0.34305997
1645871246.70431304 73.34080428 214.20064600 -1.44911795 0.05885330 0.01419186 0.95151756 0.30157786
1645871248.53723788 71.61588634 215.39593917 -1.31921469 0.05984993 0.01554225 0.94329397 0.32614860
1645871250.30420399 70.04059457 216.62905796 -1.20192050 0.06055535 0.01604360 0.94449326 0.32250292
1645871252.30447006 68.39751310 217.89382511 -1.06325177 0.06073291 0.01765170 0.94391888 0.32406338
1645871254.20621800 66.76114591 219.13032017 -0.92597255 0.06029623 0.01681509 0.94368967 0.32485600
1645871256.03980803 65.15830023 220.39620933 -0.81320551 0.06062088 0.01670008 0.93289642 0.35461314
1645871257.70470810 63.60611203 221.70817171 -0.70011477 0.06056955 0.01837320 0.93435425 0.35067919
1645871259.37207389 62.14265200 223.07726913 -0.59210749 0.06153431 0.02214942 0.93702118 0.34309510
1645871261.30553699 60.54914107 224.40011017 -0.47618188 0.06282434 0.02542303 0.94082052 0.33205951
1645871263.03758097 58.92112416 225.67698885 -0.35958859 0.06272520 0.02676350 0.94037635 0.33322904
1645871264.80832291 57.29292729 227.00094181 -0.23747191 0.06221090 0.02792535 0.93157500 0.35709661
1645871266.53981400 55.69424357 228.26787368 -0.10938384 0.06292357 0.02943240 0.94051165 0.33258413
1645871268.30828190 54.01645345 229.47448602 0.01476817 0.06309688 0.02837381 0.94946840 0.30614289
1645871270.03908491 52.37658835 230.64911470 0.13384040 0.06248150 0.02725138 0.94705381 0.31375548
1645871271.97138500 50.71664766 231.83735336 0.25719075 0.06244891 0.02828260 0.94721616 0.31318009
1645871273.86901212 49.06621837 233.04336559 0.36622246 0.06268084 0.03026579 0.94386939 0.32290195
1645871279.20381308 47.47516993 234.29535141 0.50090965 0.06228434 0.02481405 0.93751231 0.34143168
1645871281.63023996 45.82037711 235.55901567 0.63324678 0.06206259 0.02325463 0.94975766 0.30588861
1645871283.53436899 44.07299732 236.55199401 0.78266411 0.06104849 0.01981707 0.97386517 0.21786920
1645871285.36672306 42.21218109 237.38952085 0.91364818 0.06139022 0.02057994 0.97190125 0.22630879
1645871287.13526106 40.37848390 238.24819423 1.03425144 0.06167184 0.01922833 0.97004233 0.23418952
1645871289.03730512 38.48667632 239.10886906 1.18431224 0.06200598 0.01931070 0.97320381 0.22058264
1645871290.97166491 36.65647446 239.92383849 1.33177797 0.06268023 0.02068033 0.96819596 0.24132985
1645871293.03721809 34.87271387 240.96231697 1.45747116 0.06194031 0.02118759 0.95207185 0.29878702
1645871295.20354009 33.17883092 242.08377225 1.59233502 0.06090878 0.02048940 0.95885899 0.27651355
1645871297.70263290 31.39247401 243.09181473 1.72269971 0.05851986 0.01790946 0.96502259 0.25492368
1645871299.97283101 29.63484007 244.09964032 1.85004929 0.05731446 0.01743773 0.95342913 0.29560762
1645871303.53807092 27.88857345 245.16923445 1.97156343 0.05689758 0.01420929 0.95500452 0.29073551
1645871305.30673003 26.17946038 246.22237559 2.09040210 0.05757651 0.01312581 0.96749764 0.24588815
1645871307.03756905 24.31937459 247.12470908 2.23265402 0.05836298 0.01484285 0.97280763 0.22364876
1645871308.80673909 22.48622466 247.91901224 2.36079451 0.05828728 0.01411056 0.97612885 0.20874854
1645871310.53805995 20.60163269 248.66398099 2.49973585 0.05851235 0.01411608 0.98137938 0.18240491
1645871312.20848298 18.67561676 249.37036406 2.63231599 0.05988933 0.01421696 0.97712017 0.20358613
1645871313.87159491 16.81187502 250.12700226 2.78401741 0.05939629 0.01196040 0.97797609 0.19972931
1645871315.53510690 14.96178944 250.90060223 2.92687356 0.05898094 0.01375761 0.97839016 0.19769843
1645871317.13127089 13.09049984 251.65059741 3.06323202 0.05912962 0.01617205 0.97348264 0.22039444
1645871318.80502295 11.28240363 252.50823158 3.20551901 0.05870800 0.01588654 0.97426984 0.21702366
1645871320.53167200 9.41269930 253.26032869 3.34409349 0.05845252 0.01572645 0.98033706 0.18781701
1645871322.36313796 7.50221772 253.99818852 3.49118516 0.05790658 0.01450756 0.97998186 0.18992605
1645871324.19450688 5.55559551 254.69993616 3.63276871 0.05760149 0.01350927 0.98548466 0.15912118
1645871326.29101491 3.59356432 255.29421171 3.75118291 0.05803772 0.01336698 0.98839639 0.13973377
1645871330.69330406 1.64901997 255.86841649 3.71629396 0.05623339 0.01947506 0.98397507 0.16808212
1645871332.28376508 0.59778917 256.17772236 3.77943361 0.05808490 0.01956733 0.99758266 0.03274283
1645871333.78718090 -0.62024825 256.21087520 3.87132316 0.05886330 0.02052736 0.99265192 -0.10371064
1645871335.61534595 -2.07592386 255.78611779 3.98588753 0.05827978 0.01978031 0.97019112 -0.23439581
1645871337.11561489 -3.12728677 255.11236365 4.07572797 0.05684715 0.01842547 0.93099640 -0.36010362
1645871339.35617995 -4.39099849 253.49652726 4.20211156 0.05541649 0.01593391 0.87604430 -0.47877083
1645871341.45656300 -5.36489948 251.72232832 4.29572849 -0.05569347 -0.01650010 -0.86288718 0.50204751
1645871343.45778608 -6.23517977 249.91757719 4.40378887 -0.05719579 -0.01317820 -0.85718850 0.51164720
1645871345.35821390 -7.12953761 248.10710534 4.33090407 -0.06655631 -0.00436115 -0.84467965 0.53110029
1645871347.35844111 -7.83811535 246.20237792 4.45325005 -0.06515230 0.00011052 -0.81883640 0.57031756
1645871349.29621005 -8.43062928 244.22872789 4.56758030 -0.06468428 0.00112147 -0.80507478 0.58963487
1645871351.14951205 -8.85766339 242.23978861 4.67464183 -0.06148530 0.00226741 -0.77482176 0.62917855
1645871352.97138691 -9.18011383 240.22313632 4.75735616 -0.06141152 0.00192808 -0.77394652 0.63026320
1645871354.79947710 -9.52469888 238.24302652 4.86540849 -0.05685355 0.00320115 -0.73356444 0.67723013
1645871356.53191805 -9.46535389 236.17452286 4.93197375 -0.05445137 0.00516514 -0.70573971 0.70635673
1645871358.52922893 -9.39610862 234.10674035 4.99528809 -0.05276864 0.00525835 -0.69795967 0.71417093
1645871360.53046703 -9.21201579 232.03103230 5.01007641 -0.05123748 0.00722374 -0.67221292 0.73854745
1645871362.46720600 -8.92338593 229.95983945 5.01302523 -0.05013282 0.00914806 -0.65136376 0.75705236
1645871364.37068605 -8.60252404 227.95592601 5.03132435 -0.05019020 0.00824667 -0.65973490 0.74977517
1645871366.30509591 -8.22969820 225.92029393 5.04177280 -0.04996122 0.00909179 -0.65516363 0.75377837
1645871368.13683510 -7.92792247 223.84533202 5.04258803 -0.04784615 0.00776498 -0.64775157 0.76030806
1645871370.19415689 -7.45860666 221.81908495 5.02559943 -0.04515228 0.00854442 -0.60893944 0.79188448
1645871372.19652700 -6.94133892 219.79260207 5.02684591 -0.04521124 0.00758014 -0.62458700 0.77960859
1645871374.14392090 -6.47917978 217.76537765 5.02721674 -0.04557250 0.00836528 -0.62797199 0.77685542
1645871376.14487910 -6.12372039 215.79221880 5.02942824 -0.04656497 0.00408304 -0.68091889 0.73086558
1645871378.03537202 -5.82602426 213.79791804 5.04044364 -0.04300060 0.00642834 -0.63231402 0.77349118
1645871379.86584091 -5.37007560 211.85009452 5.02343168 -0.04255317 0.00679763 -0.62706710 0.77777238
1645871382.13350797 -4.90404892 209.86068683 5.00523440 -0.04397889 0.00504602 -0.66504436 0.74549070
1645871384.63006496 -4.62221591 207.80464434 4.99905935 -0.04238985 0.00548459 -0.64650208 0.76171391
1645871386.69572401 -4.24435221 205.77315302 5.01768137 -0.04178958 0.00544806 -0.65313838 0.75606495
1645871388.62851906 -3.89946046 203.73799970 5.00905328 -0.04341182 0.00305549 -0.67953018 0.73235566
1645871390.46691608 -3.74387643 201.72602351 5.03050951 -0.04330603 0.00228965 -0.69261649 0.72000121
1645871392.20131397 -3.58401474 199.65023849 5.02479267 -0.04350646 0.00376354 -0.67500488 0.73651981
1645871394.03187108 -3.33596734 197.60349273 5.04761136 -0.04110685 0.00347764 -0.65582420 0.75378562
1645871395.69694591 -2.96321454 195.62622052 5.05371965 -0.03915009 0.00352900 -0.64047343 0.76697367
1645871397.45003009 -2.58232534 193.59617371 5.04668322 -0.03781666 0.00289970 -0.65609028 0.75372875
1645871399.11050797 -2.23182968 191.60829637 5.04518850 -0.03637085 0.00371652 -0.62797060 0.77737782
1645871400.78290701 -1.76448180 189.57549772 5.03669881 -0.03676873 0.00303376 -0.64737756 0.76127600
1645871402.52910089 -1.49348873 187.52894068 5.03702776 -0.03799479 0.00254016 -0.67458032 0.73721865
1645871404.19947791 -1.29947350 185.51583687 5.04139358 -0.03768561 0.00121692 -0.69168656 0.72121288
1645871406.03372097 -1.21679686 183.49642729 5.03810039 -0.03715884 -0.00136272 -0.70731181 0.70592306
1645871408.03805804 -1.20467245 181.47240047 5.06657151 -0.03691708 -0.00138602 -0.70690733 0.70634073
1645871410.03227091 -1.15554365 179.39518910 5.11498014 -0.03518450 0.00128645 -0.69412233 0.71899554
1645871412.03247905 -0.96829027 177.36324769 5.12050933 -0.03317722 0.00107649 -0.68553825 0.72727947
1645871414.12040210 -0.82831416 175.29132613 5.11373963 -0.03403177 0.00187962 -0.69287571 0.72025103
1645871416.12028909 -0.81761501 173.23163396 5.12526520 -0.03596177 0.00148531 -0.71787644 0.69523950
1645871418.19749594 -0.73994062 171.16200031 5.10669603 -0.03439138 0.00265555 -0.68336358 0.72926292
1645871420.11443901 -0.61138129 169.10899667 5.09698199 -0.03656983 0.00216520 -0.70032175 0.71288667
1645871422.11452508 -0.63932808 167.09372823 5.10619932 -0.03909754 0.00059713 -0.74242354 0.66878869
1645871424.35913396 -0.79691130 165.07837035 5.14413864 -0.04134816 0.00337181 -0.74249686 0.66856367
1645871426.86147904 -0.96387842 163.07554788 5.16062763 -0.04174545 0.00386341 -0.74550083 0.66518487
1645871428.95251298 -1.18485281 161.02845417 5.17358763 -0.04347777 0.00251739 -0.77083814 0.63554064
1645871430.86043501 -1.61029403 159.01886053 5.18502969 -0.04376208 0.00060757 -0.78925532 0.61250352
1645871441.95393991 -1.92603912 157.01024444 5.20458869 -0.05178278 -0.01485702 -0.82256457 0.56611424
1645871444.36047196 -2.64081721 155.09407796 5.32534034 -0.05278717 -0.01522850 -0.84151281 0.53743632
1645871446.36242700 -3.50053966 153.28119034 5.45119695 -0.05334189 -0.01539481 -0.83981431 0.54002737
1645871448.19217992 -4.27978353 151.41473286 5.56896102 -0.05423681 -0.01623124 -0.84820573 0.52663266
1645871450.28277493 -5.18021476 149.51046704 5.71549599 -0.05558816 -0.01575552 -0.85689175 0.51224823
1645871452.28960991 -6.08309874 147.64653654 5.84194364 -0.05478740 -0.01460397 -0.85133387 0.52155125
1645871454.12256408 -6.92808420 145.77939420 5.97107945 -0.05489068 -0.01309912 -0.84933714 0.52482554
1645871455.86119509 -7.85326075 143.97000166 6.09810349 0.05547524 0.01448410 0.86853563 -0.49229927
1645871457.79603505 -8.87573032 142.19604837 6.22955224 0.05641293 0.01314241 0.86610133 -0.49650110
1645871459.63567996 -9.87382976 140.37076331 6.36564480 0.05654109 0.01371928 0.87295381 -0.48432068
1645871461.36847806 -10.91799281 138.59133228 6.50327586 -0.05748390 -0.01113827 -0.85356237 0.51768989
1645871463.03200412 -11.88327456 136.78030718 6.63906239 0.05944944 0.01282978 0.88192368 -0.46745244
1645871464.97557712 -13.08632058 135.18686024 6.79039449 0.06315631 0.01539315 0.92917556 -0.36387789
1645871467.01916003 -14.55187262 133.78329785 6.96329559 0.06210071 0.01303781 0.90884017 -0.41229003
1645871468.85429406 -15.81892870 132.16423082 7.13024697 0.06120765 0.01228002 0.89981887 -0.43177405
1645871470.63497305 -17.08174211 130.50555996 7.28619169 0.06168057 0.01225266 0.90295666 -0.42510546
1645871472.35168290 -18.35038510 128.92941044 7.44779123 0.06212349 0.01198820 0.90669373 -0.41701732
1645871474.12337804 -19.67714365 127.36044593 7.58685444 0.06289858 0.01378864 0.91469436 -0.39898355
1645871475.79121304 -20.97547095 125.79339701 7.76846560 0.06188422 0.01159335 0.90295182 -0.42510463
1645871477.51576591 -22.23704633 124.24187347 7.92241289 0.06146644 0.01337635 0.91170491 -0.40600136
1645871479.34932804 -23.57502628 122.67583259 8.07806890 0.06168594 0.01290349 0.90460738 -0.42156119
1645871481.29094291 -24.80187874 121.01706813 8.24476823 0.06029152 0.01051562 0.88176557 -0.46770057
1645871483.13773990 -25.86850586 119.27905225 8.39979199 -0.05864090 -0.00891809 -0.85975989 0.50724219
1645871485.02096009 -26.79879698 117.42102456 8.51310315 -0.05673661 -0.00763340 -0.83332829 0.54980600
1645871486.69175792 -27.33024307 115.73379410 8.59853908 -0.05275262 -0.00392247 -0.75457275 0.65408084
1645871488.86312389 -27.38153930 113.73357806 8.66984688 -0.04675464 -0.00322395 -0.68367876 0.72827671
1645871491.02618194 -27.14456473 111.68788153 8.74516638 -0.04261678 -0.00167449 -0.63594458 0.77055532
1645871492.95238400 -26.63295059 109.72536060 8.76869808 -0.04173634 0.00093591 -0.60713783 0.79349913
1645871494.94817996 -26.05628061 107.72184596 8.77500787 -0.04156165 -0.00129287 -0.61455913 0.78777410
1645871496.85702395 -25.53997518 105.69910112 8.79784473 -0.04119703 -0.00228864 -0.62698931 0.77793442
1645871498.62142992 -25.06067981 103.65312849 8.82289884 -0.04203312 -0.00201907 -0.63561308 0.77086001
1645871500.45064592 -24.58307708 101.67669142 8.85239378 -0.04075944 -0.00360792 -0.63651254 0.77018013
1645871502.36166811 -24.18572001 99.62872349 8.89230483 -0.04061256 -0.00360233 -0.63821766 0.76877556
1645871504.28321004 -23.75830333 97.63947537 8.91139075 -0.03957722 -0.00387278 -0.63594186 0.77071175
1645871506.19009995 -23.34090027 95.56578113 8.93914960 -0.04036361 -0.00501905 -0.64997188 0.75886899
1645871508.12005305 -22.94241523 93.58836813 8.97138348 -0.04021417 -0.00344006 -0.63753160 0.76936626
1645871510.02533889 -22.52592033 91.59801325 8.98879897 -0.04025863 -0.00458500 -0.64524872 0.76289731
1645871511.95536208 -22.18496754 89.61742544 8.98923141 -0.03864333 -0.00733388 -0.65556697 0.75411197
1645871513.85938311 -21.84938908 87.60218648 9.02803199 -0.03827917 -0.00819203 -0.66582753 0.74507805
1645871515.79642892 -21.57594118 85.61717816 9.06505122 -0.03933215 -0.00890930 -0.67881351 0.73320244
1645871517.69466591 -21.35228961 83.61185392 9.11670743 -0.03810713 -0.00776297 -0.65391268 0.75556985
1645871519.79537296 -20.98120821 81.59624099 9.15876201 -0.03652577 -0.00666489 -0.62715672 0.77800764
1645871521.80372095 -20.56098364 79.59021108 9.18570134 -0.03837937 -0.00794443 -0.65844599 0.75160680
1645871523.81620908 -20.31119080 77.55287563 9.22400132 -0.04056618 -0.00847351 -0.67787531 0.73400794
1645871525.69467998 -20.14280882 75.48534365 9.26948500 -0.04025646 -0.01127858 -0.69197080 0.72071397
1645871527.64417791 -20.03185520 73.44622038 9.32954406 -0.03967469 -0.01178048 -0.69305848 0.71969235
1645871529.36214805 -19.94754923 71.40778905 9.38786608 -0.04045004 -0.01245325 -0.71030358 0.70262190
1645871531.14484406 -19.96563682 69.30052460 9.46468295 -0.04115190 -0.01264344 -0.72838370 0.68381565
1645871532.86417794 -20.03365601 67.20234841 9.53328287 -0.04078117 -0.01228587 -0.72952317 0.68262867
1645871534.64455891 -20.11438192 65.14159550 9.61724754 -0.04217149 -0.00957502 -0.73313356 0.67870838
1645871536.33963108 -20.26649083 63.10952534 9.67022268 -0.04258783 -0.00989277 -0.74428593 0.66642844
1645871537.85885596 -20.40270621 61.08123396 9.73714916 -0.04184633 -0.00911297 -0.73301560 0.67886226
1645871539.52763605 -20.54415606 59.02253402 9.81262318 -0.04269500 -0.00841297 -0.74434552 0.66637534
1645871541.31178999 -20.73925145 57.02981336 9.85393064 -0.04299966 -0.00996034 -0.75031594 0.65960429
1645871542.86098289 -20.94956483 55.00688581 9.91444089 -0.04323667 -0.01072605 -0.75456630 0.65471004
1645871544.64854908 -21.16237154 52.88112864 9.98094918 -0.04291800 -0.01021023 -0.74515951 0.66542551
1645871546.36022210 -21.25652771 50.81742024 10.05866810 -0.04359194 -0.00656945 -0.73289079 0.67891654
1645871547.97610307 -21.37015751 48.81844520 10.12862546 -0.04382382 -0.00650837 -0.73544725 0.67613199
1645871549.52331996 -21.45091533 46.70263804 10.17638080 -0.04372942 -0.00569855 -0.72613054 0.68614117
1645871551.19208002 -21.53811436 44.58353159 10.21897156 -0.04443509 -0.00697871 -0.73188032 0.67994707
1645871552.80100203 -21.63166819 42.55200007 10.26535358 -0.04534002 -0.00622873 -0.72521875 0.68699582
1645871554.35745811 -21.71129930 40.50051889 10.31232235 -0.04567373 -0.00680169 -0.72440345 0.68782795
1645871555.96331191 -21.73927283 38.47527411 10.34773083 -0.04607447 -0.00775020 -0.72885022 0.68307718
1645871557.52492595 -21.86691772 36.42838509 10.42523499 -0.04635449 -0.00791631 -0.73894890 0.67211838
1645871559.19166493 -22.02430623 34.38456583 10.48629335 -0.04659926 -0.00920781 -0.74349818 0.66704886
1645871560.85780597 -22.17099558 32.37841660 10.54164569 -0.04656364 -0.01040418 -0.74652086 0.66364915
1645871562.53029609 -22.33483021 30.28706369 10.62197207 -0.04520983 -0.00924120 -0.72652978 0.68558380
1645871564.11896300 -22.46401757 28.23168776 10.68826765 -0.04590859 -0.01031949 -0.74643965 0.66378744
1645871565.68852806 -22.66161313 26.13543232 10.76744557 -0.04531256 -0.01014890 -0.74093377 0.66997084
1645871567.35522795 -22.80256545 24.03936774 10.83899480 -0.04554985 -0.01021193 -0.74396500 0.66658609
1645871569.02216792 -22.99716686 22.02849942 10.90853880 -0.04458148 -0.01029229 -0.73432201 0.67725752
1645871570.78388190 -23.06119871 19.95312972 10.97410116 -0.04459563 -0.01048041 -0.73573401 0.67571951
1645871572.45052409 -23.21346615 17.92080339 11.06327992 -0.04441818 -0.01013142 -0.73772411 0.67356330
1645871574.11809492 -23.33391061 15.91767416 11.13083624 -0.04408161 -0.01021639 -0.72739670 0.68472365
1645871575.85660410 -23.39499489 13.88848111 11.19030044 -0.04359393 -0.01127444 -0.72573657 0.68649755
1645871577.61689806 -23.46655539 11.85471725 11.26187966 -0.04314951 -0.01259676 -0.73396198 0.67770145
1645871579.35439610 -23.57534466 9.84194789 11.34074477 -0.04303789 -0.01171466 -0.72988235 0.68211602
1645871581.28010798 -23.65142495 7.75672133 11.39352635 -0.04342492 -0.01057611 -0.72701634 0.68516397
1645871583.28294206 -23.65440474 5.70715381 11.44579460 -0.04117331 -0.00962472 -0.69299287 0.71970342
1645871585.52338505 -23.56988094 3.67463743 11.50180054 -0.03936723 -0.00881922 -0.65995570 0.75022058
1645871587.95932388 -23.23606672 1.70084827 11.49308349 -0.03557031 -0.00571872 -0.57786535 0.81533655
1645871590.18409705 -22.91238622 0.78734725 11.49448003 -0.02855314 -0.00528975 -0.46572851 0.88445107
1645871593.95275998 -21.59732901 -0.74887816 11.37612078 -0.02459027 -0.00502893 -0.34233624 0.93924221
1645871596.11316109 -20.00422806 -1.78792453 11.32930426 -0.01855278 -0.00083397 -0.21578609 0.97626403
1645871597.95199203 -18.90109367 -2.22168802 11.21140986 -0.01202914 0.00165304 -0.08409010 0.99638417
