# timestamp tx ty tz qx qy qz qw
1654231599.81116700 -0.00000000 0.00000000 0.00000000 0.00000000 0.00000000 0.00000000 1.00000000
1654231610.03380609 2.13827342 0.04262540 -0.07956599 -0.00012974 -0.00081532 -0.00949987 0.99995453
1654231610.98002005 4.21768494 0.04640494 -0.14634857 -0.00319838 -0.00052468 -0.02607925 0.99965462
1654231611.70536900 6.33594360 -0.03941318 -0.26995190 -0.00141858 -0.00170118 -0.04782413 0.99885332
1654231612.37166190 8.52157069 -0.25056129 -0.30376733 -0.00369334 -0.00167151 -0.07303933 0.99732082
1654231612.97529292 10.52802096 -0.53076336 -0.38260596 -0.00376856 -0.00204327 -0.09656231 0.99531771
1654231613.64143205 12.71786223 -0.93708259 -0.48601776 -0.00450496 -0.00262461 -0.11527282 0.99332019
1654231614.19929290 14.70488488 -1.37892963 -0.56176304 -0.00488415 -0.00275169 -0.12352561 0.99232555
1654231614.80213904 16.80298229 -1.87984827 -0.65404084 -0.00569531 -0.00336182 -0.13398819 0.99096086
1654231615.36603689 18.83424474 -2.41198104 -0.71161425 -0.00680506 -0.00305137 -0.13887471 0.99028188
1654231616.03264904 20.99126790 -2.97935030 -0.76709380 -0.00766956 -0.00258281 -0.13359128 0.99100347
1654231616.70262504 23.12996050 -3.51118669 -0.85894861 -0.00654606 -0.00263062 -0.12492244 0.99214143
1654231617.36385393 25.21252481 -4.01931337 -0.85800835 -0.00740789 -0.00159822 -0.11360960 0.99349657
1654231618.03085089 27.20287513 -4.43985531 -0.90092821 -0.00870406 -0.00165126 -0.10011856 0.99493607
1654231618.69449711 29.25074795 -4.79721188 -0.93900871 -0.00791641 -0.00069858 -0.07624863 0.99705716
1654231619.36026597 31.44383849 -5.03936764 -1.01590291 -0.00665009 0.00150068 -0.03319065 0.99942579
1654231620.02782011 33.69954385 -5.07573292 -1.12182930 -0.00391987 0.00328720 0.02554149 0.99966067
1654231620.69556189 35.97381422 -4.82548755 -1.23154561 0.00074806 0.00460418 0.09654170 0.99531801
1654231621.29310799 37.96981410 -4.31704348 -1.33341879 0.00431752 0.00635035 0.15613298 0.98770619
1654231621.86088800 39.96372747 -3.55058905 -1.44246738 0.00693178 0.00841012 0.21335115 0.97691479
1654231622.45936108 41.89966919 -2.53433737 -1.56493880 0.01126518 0.00865670 0.26750754 0.96345102
1654231623.02547789 43.81085426 -1.25139469 -1.66599578 0.01682643 0.00969598 0.31967451 0.94732839
1654231623.52978301 45.37081542 0.05853539 -1.77412133 0.02013816 0.01008351 0.36524905 0.93063737
1654231624.03124595 46.83137934 1.55846835 -1.87054276 0.02286307 0.01082002 0.41000054 0.91173448
1654231624.53111196 48.15307638 3.21480319 -1.96979689 0.02488903 0.01114025 0.45201989 0.89159097
1654231625.03126907 49.30886237 4.96365788 -2.06398040 0.02931724 0.01090604 0.49346561 0.86920265
1654231625.53758502 50.29529450 6.81037093 -2.09513797 0.03382299 0.01210213 0.53253317 0.84564648
1654231626.03353190 51.08615592 8.70671615 -2.13054076 0.03731424 0.01298663 0.56963998 0.82094414
1654231626.53275704 51.71748182 10.63414250 -2.15217845 0.03980048 0.01363987 0.60377866 0.79604096
1654231627.13555288 52.22239668 12.87576272 -2.17557314 0.03931502 0.01353071 0.63957915 0.76760000
1654231627.70171595 52.50812184 15.06658336 -2.19832594 0.04143559 0.01397213 0.67090654 0.74025151
1654231628.30021596 52.62867150 17.20016112 -2.19974626 0.04340235 0.01480881 0.69351103 0.71898497
1654231628.87187290 52.62126052 19.33303190 -2.19055014 0.04581768 0.01584419 0.71553867 0.69688888
1654231629.47267389 52.48126823 21.43886259 -2.18638089 0.04790975 0.01627563 0.73689712 0.67410860
1654231630.03558707 52.22371074 23.46244163 -2.17001034 0.05003530 0.01696340 0.75248694 0.65648466
1654231630.70472407 51.85178252 25.61659705 -2.15978028 0.05240163 0.01712901 0.76160511 0.64569213
1654231631.36770701 51.42405051 27.80809807 -2.11884669 0.05319425 0.01787330 0.76618245 0.64016824
1654231632.03827810 51.00329899 29.91478448 -2.08010956 0.05361314 0.01794026 0.77097156 0.63435528
1654231632.70500708 50.54764585 32.03607632 -2.04870347 0.05448043 0.01759208 0.77393010 0.63067789
1654231633.37343502 50.06101802 34.16710410 -2.00266870 0.05500682 0.01790604 0.77592986 0.62816119
1654231634.04130101 49.55851788 36.34576466 -1.97076440 0.05556015 0.01750396 0.77551109 0.62864078
1654231634.70784497 49.07241209 38.48184779 -1.94422079 0.05525793 0.01462232 0.77521646 0.62910428
1654231635.32866502 48.62097537 40.54707220 -1.89716947 0.05464082 0.01375216 0.77652524 0.62756180
1654231635.87110710 48.09696302 42.79861451 -1.85410296 0.05411430 0.01348919 0.77613157 0.62809989
1654231636.37335205 47.60787227 44.88387264 -1.77069868 0.05194275 0.01030914 0.77557936 0.62902491
1654231636.87215805 47.08751490 47.14371228 -1.68759630 0.05039891 0.00812254 0.77518531 0.62966794
1654231637.37165999 46.55663077 49.42988029 -1.61494234 0.04955805 0.00707489 0.77419244 0.63096752
1654231637.87246108 46.03540265 51.72564676 -1.55880812 0.04958074 0.00708080 0.77306755 0.63234341
1654231638.37134790 45.52427499 54.00571065 -1.51537999 0.05022346 0.00677462 0.77273371 0.63270398
1654231638.87486911 45.00598969 56.31233803 -1.46114201 0.05050851 0.00601879 0.77229726 0.63322161
1654231639.37236309 44.48340165 58.64205510 -1.39222082 0.05058165 0.00619737 0.77239625 0.63309329
1654231639.87404299 43.96599665 60.96474935 -1.30722528 0.04977219 0.00556773 0.77217080 0.63343823
1654231640.32128692 43.52900995 62.94707577 -1.26318552 0.05012587 0.00466048 0.77146635 0.63427545
1654231640.70735097 43.09123724 64.94496696 -1.20318595 0.05017840 0.00462024 0.77083364 0.63504038
1654231641.15148997 42.65322692 66.95157714 -1.15191064 0.05048999 0.00440822 0.77021747 0.63576441
1654231641.53698492 42.21828984 68.97977292 -1.10364623 0.05110432 0.00441895 0.77033784 0.63556938
1654231641.98455310 41.78380694 70.99124697 -1.04717312 0.05132190 0.00441522 0.77042084 0.63545126
1654231642.48432398 41.30897271 73.28933146 -0.97657426 0.05087708 0.00309076 0.77064178 0.63522690
1654231642.87238503 40.87782457 75.25386717 -0.92386395 0.05166303 0.00318143 0.77198832 0.63352573
1654231643.37075996 40.35938278 77.55502209 -0.85459044 0.05205551 0.00279429 0.77412489 0.63088277
1654231643.87242198 39.83617270 79.85668397 -0.78092910 0.05239276 0.00265669 0.77523964 0.62948506
1654231644.37452888 39.30363971 82.15578097 -0.70541790 0.05267093 0.00278289 0.77566386 0.62893847
1654231644.87079310 38.77340930 84.42591247 -0.63081043 0.05290535 0.00220498 0.77660361 0.62776030
1654231645.36705709 38.24910087 86.64976038 -0.55469743 0.05331425 0.00195533 0.77671662 0.62758670
1654231645.86811805 37.75733285 88.74408460 -0.48580642 0.05437693 0.00169767 0.77631373 0.62799464
1654231646.36640406 37.24977795 90.90560469 -0.39042057 0.05404612 0.00221655 0.77608740 0.62830125
1654231646.86718297 36.75257859 93.03151347 -0.28570129 0.05265995 0.00080528 0.77561828 0.62900124
1654231647.36709595 36.28098637 95.07869495 -0.26361605 0.05630845 0.00419017 0.77519726 0.62919075
1654231647.86859202 35.83975277 97.07253901 -0.16622850 0.05601042 0.00412264 0.77452208 0.63004871
1654231648.48019791 35.35165670 99.27257412 -0.10118317 0.05759431 0.00573664 0.77416551 0.63033146
1654231649.03251696 34.90314724 101.34047053 -0.01032971 0.05893114 0.00657479 0.77440228 0.62990873
1654231649.70135307 34.42015454 103.50883429 0.13857681 0.05857606 0.00621673 0.77612492 0.62782187
1654231650.37139606 33.91967960 105.65879937 0.25836347 0.05695182 0.00503832 0.78083536 0.62211514
1654231651.03095794 33.39638438 107.84831735 0.15647248 0.06234489 0.00735482 0.78235410 0.61966207
1654231651.70101500 32.87573274 110.00107883 0.33022573 0.05999983 0.00655870 0.78264017 0.61954126
1654231652.31398511 32.38053077 111.97799668 0.42972274 0.05965797 0.00604364 0.78244399 0.61982724
1654231652.86524010 31.89572534 113.92773510 0.51222039 0.06088629 0.00606894 0.78290674 0.61912282
1654231653.52948189 31.34440108 116.07351465 0.60248972 0.06273658 0.00760423 0.78193618 0.62014684
1654231654.19362497 30.82554453 118.21689025 0.70833167 0.06216461 0.00862240 0.76205793 0.64446018
1654231654.86206293 30.50268294 120.40978271 0.80485089 0.06043112 0.00935978 0.71754208 0.69382551
1654231655.47462201 30.48825377 122.41440525 0.86214517 0.05795047 0.01047077 0.65946347 0.74942648
1654231656.02808404 30.84316017 124.47016668 0.90511159 0.05415453 0.01202138 0.58366583 0.81009689
1654231656.63587689 31.61471523 126.51331258 0.90756896 0.05044923 0.01354914 0.50118138 0.86376416
1654231657.19909096 32.80374391 128.41119169 0.86775353 0.04807063 0.01651661 0.43064866 0.90108720
1654231657.80070806 34.19506547 130.08534871 0.80986708 0.04538323 0.01599992 0.39483533 0.91749083
1654231658.36877394 35.64153979 131.63887020 0.74158372 0.04401106 0.01639677 0.37132105 0.92731594
1654231658.97459793 37.12838823 133.07135759 0.66549579 0.04274250 0.01623915 0.35682471 0.93305171
1654231659.53327203 38.68549578 134.51201313 0.57563034 0.04195791 0.01538650 0.35375682 0.93426918
1654231660.13814497 40.34204955 136.02927404 0.49267967 0.04171302 0.01594738 0.35181257 0.93500461
1654231660.69949102 41.88482536 137.43482292 0.40499683 0.04098732 0.01568070 0.34421514 0.93786464
1654231661.30106592 43.49652830 138.87398440 0.30642613 0.04116775 0.01608302 0.33763832 0.94023769
1654231661.80021191 45.03888345 140.20566256 0.20911049 0.04174106 0.01635275 0.33755780 0.94023668
1654231662.29406595 46.69631736 141.64634752 0.10088736 0.04224579 0.01621844 0.34141081 0.93882422
1654231662.79365611 48.46705522 143.20044501 0.01685991 0.04221009 0.01710758 0.34560332 0.93727476
1654231663.29121399 50.19953225 144.75121824 -0.08187085 0.04292748 0.01712065 0.34941660 0.93582699
1654231663.79079103 51.88511233 146.26857356 -0.19475191 0.04315660 0.01614843 0.35085076 0.93529700
1654231664.19323802 53.36024659 147.61942807 -0.28246804 0.04304319 0.01574282 0.35112960 0.93520450
1654231664.69143391 55.07967457 149.19393693 -0.38748718 0.04306091 0.01377157 0.35175165 0.93500100
1654231665.19124794 56.74935967 150.77210231 -0.47762657 0.04417040 0.01399144 0.35282464 0.93454159
1654231665.69056892 58.41269734 152.31587656 -0.59393469 0.04342635 0.01283881 0.35496906 0.93378064
1654231666.19182110 60.12442553 153.90728535 -0.65982232 0.04345178 0.01219793 0.35643308 0.93323020
1654231666.68944001 61.84085271 155.50324897 -0.73796075 0.04389456 0.01224416 0.35721176 0.93291109
1654231667.19058204 63.57013713 157.11747303 -0.80571836 0.04251914 0.01102429 0.35720601 0.93299220
1654231667.69151711 65.23888111 158.67415454 -0.88219679 0.04311905 0.01070677 0.35727902 0.93294041
1654231668.19271803 66.85103579 160.16948737 -0.94586476 0.04180989 0.00832357 0.35770351 0.93286165
1654231668.69656301 68.46542850 161.66588911 -0.95984135 0.04369540 0.00855081 0.35784754 0.93271793
1654231669.19722700 70.09087478 163.16178582 -0.97093761 0.04200578 0.00871805 0.35782645 0.93280209
1654231669.69615197 71.77821659 164.73750966 -1.01929399 0.04241552 0.00912557 0.35795976 0.93272850
1654231670.19729590 73.42590857 166.27907720 -1.08006366 0.04260339 0.00905946 0.35705313 0.93306802
1654231670.69678497 75.00864324 167.75937467 -1.14148888 0.04313758 0.00926139 0.35668550 0.93318210
1654231671.19822598 76.57840980 169.22723527 -1.21006983 0.04467570 0.00888543 0.35615214 0.93331709
1654231671.70192409 78.13013074 170.67921537 -1.27504133 0.04502248 0.00798055 0.35529083 0.93363682
1654231672.19969893 79.61244415 172.02752301 -1.29450911 0.04164881 0.00853998 0.35497484 0.93390862
1654231672.70453310 81.12402832 173.42132212 -1.35335585 0.04272978 0.00851280 0.35526134 0.93375108
1654231673.19975209 82.62721306 174.78258616 -1.39025064 0.04372581 0.00920244 0.35652001 0.93321854
1654231673.69730091 84.16658871 176.19602276 -1.45117135 0.04334762 0.00902292 0.35719640 0.93297926
1654231674.19600105 85.77309765 177.71358481 -1.49520976 0.04224795 0.00945321 0.35918260 0.93226263
1654231674.69539094 87.32692571 179.18161981 -1.55736688 0.04231814 0.00939940 0.35978385 0.93202811
1654231675.19650197 88.88203206 180.65810191 -1.60665842 0.04216372 0.01009588 0.35969727 0.93206125
1654231675.69712400 90.35713379 182.05592936 -1.67406603 0.04246216 0.00996212 0.35963743 0.93207223
1654231676.29267311 91.84240535 183.45819929 -1.73226157 0.04289364 0.01004144 0.35978610 0.93199424
1654231676.95814109 93.40880344 184.91959404 -1.78160740 0.04269787 0.00985705 0.36016930 0.93185718
1654231677.69717312 95.04107977 186.46310829 -1.86260006 0.04325505 0.00939206 0.35997433 0.93191162
1654231678.46906805 96.65423543 187.99093393 -1.92153404 0.04301993 0.00921977 0.36007814 0.93188412
1654231679.14132309 98.14373610 189.40400965 -1.98683823 0.04123169 0.00872190 0.36044589 0.93182758
1654231679.81608701 99.77390991 190.95125179 -2.06051632 0.04113102 0.00794093 0.36042402 0.93184747
1654231680.37088895 101.29855435 192.40936734 -2.11343302 0.04086086 0.00722706 0.36042331 0.93186544
1654231680.98735595 102.96806738 194.00405564 -2.16837135 0.04083241 0.00689799 0.36021510 0.93194969
1654231681.48325801 104.51777510 195.46686819 -2.22524519 0.04042237 0.00629110 0.35959673 0.93221062
1654231681.98188090 106.10213469 196.95559160 -2.28616704 0.04064038 0.00576716 0.35924747 0.93233918
1654231682.48455906 107.75591470 198.51814831 -2.33327008 0.04116825 0.00583815 0.35980947 0.93209884
1654231682.97766209 109.36373433 200.04370363 -2.34839186 0.04097320 0.00640436 0.36245264 0.93107908
1654231683.47557497 110.94514261 201.56177967 -2.41371298 0.04090046 0.00581551 0.36324663 0.93077667
1654231683.98344111 112.42658744 202.99005113 -2.46605817 0.04069963 0.00565932 0.36343263 0.93071383
1654231684.53039098 114.05947160 204.56067080 -2.50862668 0.04062673 0.00518296 0.36378032 0.93058395
1654231685.13555789 115.58410813 206.02059096 -2.55770722 0.04070355 0.00505920 0.36372719 0.93060204
1654231685.69600511 117.13328659 207.49567671 -2.61190378 0.04096662 0.00506848 0.36525629 0.92999134
1654231686.29963708 118.57732979 208.88534837 -2.68328166 0.04202324 0.00585069 0.36540263 0.92988211
1654231686.96581197 120.16545540 210.37549604 -2.68016107 0.04301407 0.00787235 0.36701904 0.92918504
1654231687.63334107 121.62232312 211.79428073 -2.64589306 0.04268317 0.00973775 0.36891233 0.92843256
1654231688.35780692 123.15388756 213.31609259 -2.65387316 0.04165625 0.00978325 0.37422292 0.92635104
1654231689.12138104 124.55747779 214.78956290 -2.70818625 0.04141739 0.00951362 0.38262889 0.92292428
1654231689.95479298 126.03153130 216.31800523 -2.68226123 0.04112526 0.01069335 0.38544983 0.92174985
1654231690.79312396 127.46976795 217.81300218 -2.63069992 0.04026937 0.01244745 0.37372852 0.92657997
1654231691.52186489 128.93687821 219.25448062 -2.69661483 0.03956693 0.01255052 0.36434546 0.93033829
1654231692.28801298 130.49505761 220.73951247 -2.74488006 0.04171947 0.01320668 0.36191411 0.93118379
1654231692.95367098 132.05751155 222.23304287 -2.83276562 0.04085170 0.01290034 0.36141058 0.93142209
1654231693.52013302 133.59813385 223.71495934 -2.95150462 0.04144138 0.01315493 0.35949737 0.93213261
1654231694.11981606 135.16656305 225.15880216 -2.88318345 0.03806697 0.01533797 0.35903312 0.93242205
1654231694.61912704 136.65350959 226.57162050 -2.96985326 0.03804995 0.01547025 0.35872075 0.93254078
1654231695.12957001 138.28028834 228.11943130 -3.07566852 0.03816324 0.01441329 0.36009305 0.93202404
1654231695.61818504 139.96360844 229.71666447 -3.13387966 0.03591081 0.01238078 0.35857009 0.93272966
1654231696.11879706 141.70400561 231.35845017 -3.24448895 0.03621808 0.00736811 0.35601643 0.93374850
1654231696.51933002 143.20416490 232.76304590 -3.31968655 0.03746031 0.00548078 0.35579607 0.93379647
1654231696.95236397 144.73717464 234.19384731 -3.38251352 0.03900752 0.00384641 0.35569253 0.93378073
1654231697.35436797 146.26454436 235.61734682 -3.43636197 0.03979213 0.00291805 0.35458281 0.93417295
1654231697.78815389 147.77446403 237.02694468 -3.48606130 0.04034264 0.00227050 0.35459310 0.93414723
1654231698.18825102 149.24475969 238.39716907 -3.53398769 0.04167124 0.00158169 0.35435091 0.93418223
1654231698.68497992 150.97044063 240.00401025 -3.56834773 0.04171713 0.00156343 0.34975547 0.93591044
1654231699.18418503 152.71401279 241.56254279 -3.61592057 0.04169816 0.00093910 0.33559885 0.94108118
1654231699.68340802 154.48474774 243.03897948 -3.66278806 0.04103360 0.00045252 0.31577363 0.94794676
1654231700.18452501 156.29009603 244.41655686 -3.72336976 0.04095903 -0.00040963 0.29058629 0.95597165
1654231700.68385911 158.21772108 245.72063205 -3.80592753 0.04288566 -0.00037082 0.26238100 0.96401084
1654231701.18637395 160.21294183 246.90328314 -3.85445274 0.04288077 0.00058047 0.23367427 0.97136875
1654231701.68265891 162.30059418 247.96621364 -3.92183449 0.04174931 0.00030600 0.20083619 0.97873476
1654231702.18144107 164.44150119 248.87951253 -3.98564338 0.03968107 0.00015325 0.16606589 0.98531594
1654231702.68118596 166.61971764 249.65045869 -4.07637359 0.03633257 -0.00157913 0.12802606 0.99110382
1654231703.18117404 168.87390519 250.23496306 -4.14361519 0.03342554 -0.00152341 0.08441880 0.99586840
1654231703.68058395 171.19920216 250.60764765 -4.21330526 0.02882413 -0.00177100 0.03139795 0.99908969
1654231704.18052101 173.59087437 250.72152772 -4.31127014 0.02573391 -0.00163813 -0.03347978 0.99910669
1654231704.68684411 175.95165251 250.52556923 -4.42340307 0.02172008 -0.00215854 -0.10451567 0.99428369
1654231705.18549204 178.24705336 249.98796827 -4.52661726 0.01801301 -0.00190226 -0.17587594 0.98424568
1654231705.68864989 180.45472283 249.12436049 -4.63110972 0.01444576 -0.00124283 -0.24337712 0.96982336
1654231706.12389708 182.23451941 248.16346654 -4.72720817 0.01139649 -0.00129523 -0.28655575 0.95799491
1654231706.52878499 183.98121604 247.01207894 -4.84208741 0.01018497 -0.00214963 -0.32103483 0.94701018
1654231706.96074200 185.70225581 245.70813426 -4.93896002 0.00760137 -0.00206130 -0.34510594 0.93853069
1654231707.36568189 187.41237511 244.27523133 -5.04618860 0.01023579 -0.00223574 -0.35913560 0.93322658
1654231707.79329991 189.12021517 242.76930784 -5.15738354 0.00942040 -0.00241094 -0.36867437 0.92950775
1654231708.20330095 190.82879661 241.21483454 -5.26855036 0.00952222 -0.00290463 -0.37098917 0.92858383
1654231708.62744308 192.55234511 239.63750538 -5.37886106 0.00928266 -0.00323002 -0.37196203 0.92819591
1654231709.03755808 194.28348632 238.04859781 -5.49324966 0.00937697 -0.00393487 -0.37302249 0.92776657
1654231709.47375298 196.00303675 236.46139178 -5.59629547 0.00920699 -0.00443265 -0.37385496 0.92743089
1654231709.87567711 197.69098334 234.90479282 -5.69353028 0.00916639 -0.00503742 -0.37514795 0.92690594
1654231710.29815602 199.37428944 233.33243594 -5.79079781 0.00919118 -0.00560628 -0.37641409 0.92638897
1654231710.70806599 201.06143015 231.75482618 -5.89218860 0.00917445 -0.00636452 -0.37675169 0.92624699
1654231711.12888408 202.73235044 230.18439309 -5.97854216 0.00934388 -0.00669539 -0.37546711 0.92676443
1654231711.54008889 204.39318740 228.63664286 -6.08484649 0.00948571 -0.00859174 -0.37445549 0.92715656
1654231711.96034098 206.08069834 227.07704316 -6.18597217 0.01027133 -0.01066678 -0.37380795 0.92738791
1654231712.37668705 207.74458474 225.53356307 -6.26355856 0.01061742 -0.01138196 -0.37168586 0.92822807
1654231712.78861308 209.41114855 224.01205027 -6.33279360 0.01077464 -0.01183007 -0.36898372 0.92929811
1654231713.20205402 211.08932006 222.49988939 -6.42155220 0.01120579 -0.01261918 -0.36753521 0.92985647
1654231713.62151599 212.75726112 220.97758401 -6.37588537 0.01195611 -0.01223310 -0.36763404 0.92981322
1654231714.03428292 214.36183417 219.53223628 -6.41592187 0.01207740 -0.01182535 -0.36776333 0.92976580
1654231714.45550108 215.90353442 218.11068003 -6.48008622 0.01243247 -0.01250727 -0.36918086 0.92919024
1654231714.87007999 217.45480904 216.70474063 -6.55183312 0.01270194 -0.01333759 -0.36831547 0.92951842
1654231715.28475499 219.00601616 215.30811838 -6.61391946 0.01281890 -0.01347676 -0.36499079 0.93082532
1654231715.70016503 220.57503167 213.92482430 -6.67062151 0.01306505 -0.01354422 -0.36057480 0.93254044
1654231716.11728692 222.12473671 212.57453130 -6.72276916 0.01348998 -0.01396467 -0.35684405 0.93396217
1654231716.61493993 223.83459567 211.08267313 -6.75035392 0.01334629 -0.01295857 -0.35087749 0.93623658
1654231717.03018403 225.46330105 209.74263943 -6.81898527 0.01358842 -0.01318619 -0.34530087 0.93830101
1654231717.44468307 227.04465464 208.45588985 -6.88144357 0.01320742 -0.01210424 -0.34235693 0.93939916
1654231717.86447096 228.63274362 207.18944781 -6.94771821 0.01289562 -0.01222837 -0.34107734 0.93986724
1654231718.27988601 230.26276529 205.88203588 -7.01183436 0.01299256 -0.01233871 -0.34008111 0.94022539
1654231718.69498301 231.95817143 204.53167564 -7.07344746 0.01288646 -0.01174772 -0.33862913 0.94075833
1654231719.11321402 233.67262262 203.16696231 -7.13625495 0.01303229 -0.01143431 -0.33728347 0.94124347
1654231719.52967095 235.45354781 201.76795787 -7.20559415 0.01327745 -0.01141539 -0.33572349 0.94179782
1654231719.95004392 237.29871039 200.33393071 -7.28567050 0.01328757 -0.01181554 -0.33281819 0.94282336
1654231720.36442590 239.19577529 198.87519063 -7.34829097 0.01448726 -0.01194589 -0.33268737 0.94285021
1654231720.78676701 241.08831579 197.40852999 -7.40640552 0.01505907 -0.01187643 -0.33189701 0.94312065
1654231721.19869208 243.02699934 195.91695718 -7.46182595 0.01397051 -0.01178173 -0.33154319 0.94326302
1654231721.62952209 244.95986356 194.42992096 -7.51767369 0.01327949 -0.01207080 -0.33140531 0.94331780
1654231722.03514791 246.90694560 192.92861096 -7.59601262 0.01389690 -0.01212163 -0.33278225 0.94282338
1654231722.45581603 248.86939348 191.42119692 -7.68439335 0.01397314 -0.01246068 -0.33344939 0.94258209
1654231722.86664391 250.82863555 189.90323956 -7.75019414 0.01334679 -0.01238965 -0.33399500 0.94239891
1654231723.19814301 252.40747962 188.66963628 -7.81070446 0.01346205 -0.01257758 -0.33399147 0.94239603
1654231723.53240299 253.99397761 187.44119561 -7.87662360 0.01349555 -0.01309134 -0.33358300 0.94253322
1654231723.87010503 255.58969635 186.20110370 -7.94626716 0.01490169 -0.01464509 -0.33272338 0.94279299
1654231724.20182991 257.19819237 184.95909371 -8.00729183 0.01596881 -0.01562622 -0.33195981 0.94302890
1654231724.53291607 258.79830292 183.72716353 -8.06243644 0.01708096 -0.01651481 -0.32919668 0.94396242
1654231724.86620092 260.41501533 182.50585299 -8.11447654 0.01707663 -0.01715568 -0.32438541 0.94561524
1654231725.19772410 262.03222459 181.30791171 -8.15718715 0.01812429 -0.01737363 -0.32091334 0.94677574
1654231725.61562800 264.00739636 179.84355158 -8.16254525 0.01833243 -0.01729382 -0.31950021 0.94725100
1654231726.03195310 266.01285694 178.37303559 -8.21832996 0.01666338 -0.01724143 -0.31924137 0.94737005
1654231726.36721897 267.63766108 177.19179175 -8.24688211 0.01467394 -0.01697121 -0.31842208 0.94768351
1654231726.70064402 269.27920390 175.99615907 -8.28791189 0.01628384 -0.01785908 -0.31736486 0.94799548
1654231727.03752494 270.90902107 174.82069017 -8.32401883 0.01702514 -0.01853035 -0.31749565 0.94792578
1654231727.46131992 272.91997330 173.36686710 -8.36088634 0.01777186 -0.01991593 -0.31741998 0.94790932
1654231727.86982799 274.90078331 171.92922366 -8.38454326 0.01838019 -0.02058459 -0.31795484 0.94770415
1654231728.28877592 276.88197925 170.50272294 -8.44239480 0.01930343 -0.02313114 -0.31857486 0.94741880
1654231728.71168399 278.85041745 169.07574313 -8.46710256 0.01879498 -0.02337582 -0.31985506 0.94699158
1654231729.12399411 280.82858383 167.63154024 -8.49217792 0.01935288 -0.02362249 -0.32067406 0.94669720
1654231729.53795290 282.76581991 166.20882019 -8.51248511 0.01903428 -0.02363714 -0.32167923 0.94636222
1654231729.95578098 284.69486360 164.78288199 -8.53275671 0.01911561 -0.02372047 -0.32178507 0.94632252
1654231730.37097406 286.62903548 163.35736268 -8.55802225 0.01913151 -0.02411706 -0.32295780 0.94591258
1654231730.79077792 288.56614737 161.92464353 -8.57914906 0.01855480 -0.02445458 -0.32398931 0.94556259
1654231731.20704007 290.49658656 160.49653211 -8.58976376 0.01843767 -0.02445405 -0.32473284 0.94530981
1654231731.62711191 292.39298683 159.07628131 -8.60726124 0.01901019 -0.02485483 -0.32734218 0.94438761
1654231732.03646302 294.25871861 157.66712018 -8.63156951 0.01849212 -0.02497957 -0.32917262 0.94375815
1654231732.45631194 296.13977612 156.22759292 -8.66316434 0.01840448 -0.02540627 -0.33153612 0.94292078
1654231732.86811304 297.98013799 154.80595196 -8.68776823 0.01846525 -0.02570538 -0.33678842 0.94104826
1654231733.29398489 299.81256305 153.35764009 -8.71665682 0.01833261 -0.02583538 -0.34217769 0.93910110
1654231733.70546293 301.61418061 151.88552064 -8.74364474 0.01882090 -0.02625455 -0.34366898 0.93853508
1654231734.12992692 303.39928601 150.41859751 -8.76283198 0.01917173 -0.02661587 -0.34532294 0.93791050
1654231734.53802705 305.20733814 148.93009080 -8.78010743 0.01926149 -0.02662847 -0.34872193 0.93664985
1654231734.95909405 306.99045804 147.43320023 -8.79855269 0.01887810 -0.02670529 -0.35877760 0.93284998
1654231735.37225389 308.75859793 145.88738055 -8.80957041 0.01836398 -0.02655411 -0.36850025 0.92906685
1654231735.79525495 310.49851086 144.29801635 -8.82217346 0.01776881 -0.02656105 -0.37921831 0.92475524
1654231736.20404196 312.21449559 142.65601807 -8.84032973 0.01754263 -0.02664335 -0.38987282 0.92031602
1654231736.62627697 313.88158548 140.98037162 -8.84140672 0.01770135 -0.02659116 -0.39947394 0.91618783
1654231737.04401994 315.50390683 139.28736742 -8.86423336 0.01793377 -0.02734172 -0.41003580 0.91148311
1654231737.46113706 317.06130300 137.58087189 -8.87520580 0.01769741 -0.02732421 -0.42231341 0.90586510
1654231737.87662005 318.59093392 135.82469164 -8.91307689 0.01763701 -0.02784574 -0.43463871 0.90000152
1654231738.30289602 320.04527887 134.05707922 -8.93355037 0.01729438 -0.02753764 -0.44833102 0.89327592
1654231738.70286989 321.44299352 132.23623962 -8.93022694 0.01684975 -0.02704520 -0.46378271 0.88537576
1654231739.14079690 322.77710715 130.37260111 -8.91764658 0.01529343 -0.02611789 -0.47888819 0.87735402
1654231739.53806901 324.06577520 128.45291506 -8.93234754 0.01428562 -0.02533817 -0.49343535 0.86929595
1654231739.96898699 325.28020122 126.48829760 -8.95455491 0.01253447 -0.02516599 -0.50410708 0.86318342
1654231740.36927509 326.47180136 124.43716232 -8.97835086 0.01199504 -0.02500984 -0.51223375 0.85839805
1654231740.80743098 327.62779604 122.36912865 -8.99678254 0.01158604 -0.02468546 -0.51848934 0.85464917
1654231741.20185089 328.77552838 120.25615952 -9.02640166 0.01116120 -0.02457364 -0.52416554 0.85118861
1654231741.63046002 329.88632435 118.13348555 -9.05198088 0.00991362 -0.02462050 -0.52687518 0.84952816
1654231742.04078889 331.01502348 115.98948621 -9.07271570 0.00982488 -0.02473569 -0.52567353 0.85026993
1654231742.46508098 332.14547475 113.83089196 -9.06886673 0.01010734 -0.02489991 -0.52502990 0.85065941
1654231742.80086994 333.08331887 112.06254189 -9.09385764 0.01022741 -0.02557006 -0.52471284 0.85083371
1654231743.13234806 334.01971441 110.28848122 -9.10403235 0.01020137 -0.02551701 -0.52410140 0.85121239
1654231743.46332097 334.96015115 108.50988395 -9.12371605 0.00968752 -0.02539095 -0.52360293 0.85152887
1654231743.79569292 335.91472390 106.71744324 -9.14675007 0.00913664 -0.02573222 -0.52161946 0.85274118
1654231744.13006091 336.88385937 104.91465326 -9.16046083 0.00881605 -0.02572822 -0.52145597 0.85284465
1654231744.46424389 337.85234847 103.10242363 -9.16762541 0.00861762 -0.02553779 -0.52110219 0.85306862
1654231744.79595399 338.82530883 101.28145306 -9.16745981 0.00832064 -0.02543401 -0.52066155 0.85334368
1654231745.12837005 339.80655350 99.45826670 -9.17410813 0.00823546 -0.02539633 -0.52000714 0.85374456
1654231745.46904707 340.80024153 97.62516870 -9.18515952 0.00831956 -0.02549145 -0.51814072 0.85487494
1654231745.79852295 341.80162417 95.78833333 -9.18712355 0.00842301 -0.02550690 -0.51766459 0.85516187
1654231746.12540293 342.80850311 93.94231489 -9.18789279 0.00845836 -0.02544960 -0.51810800 0.85489465
1654231746.45666194 343.81100556 92.11224114 -9.19938497 0.00819914 -0.02552806 -0.51833448 0.85475755
1654231746.79069495 344.81803530 90.28090985 -9.20143443 0.00815369 -0.02561713 -0.51865717 0.85455955
1654231747.12101603 345.81372775 88.46339299 -9.21460479 0.00803914 -0.02580453 -0.51945924 0.85406768
1654231747.45763993 346.79309028 86.66944504 -9.22066933 0.00823371 -0.02590175 -0.51951781 0.85402725
1654231747.78735495 347.77936536 84.85966250 -9.22914579 0.00798232 -0.02606951 -0.51955722 0.85400056
1654231748.11901212 348.75208725 83.06433711 -9.22818544 0.00753924 -0.02604685 -0.51947019 0.85405822
1654231748.45347691 349.73685372 81.26075650 -9.22294557 0.00653164 -0.02605004 -0.51950751 0.85404372
1654231748.86126900 350.90450376 79.07110850 -9.17960906 0.00658648 -0.02550442 -0.51894540 0.85440144
1654231749.19547892 351.85606849 77.29687696 -9.06344388 0.00661782 -0.02397045 -0.51824987 0.85486765
1654231749.61201191 352.99300244 75.14946832 -8.76766996 0.00673550 -0.01997317 -0.51699246 0.85573039
1654231750.02689505 354.10218924 73.12830622 -8.62975196 0.00587411 -0.01803701 -0.51644290 0.85611149
1654231750.44771290 355.26338049 71.06514605 -8.53484836 0.00638866 -0.01671890 -0.51789248 0.85525846
1654231750.85960698 356.44224187 68.94874396 -8.50323229 0.00628591 -0.01613413 -0.52109006 0.85332604
1654231751.28431511 357.58369607 66.79208133 -8.52438836 0.00616725 -0.01602399 -0.52271205 0.85233638
1654231751.69638991 358.67706133 64.69813349 -8.57082370 0.00624285 -0.01684247 -0.52158118 0.85301256
1654231752.11184192 359.79597491 62.55487393 -8.61903208 0.00586795 -0.01726403 -0.51757372 0.85544431
1654231752.52414608 360.95564203 60.43631180 -8.66786384 0.00663586 -0.01832562 -0.50960431 0.86018811
1654231752.94965005 362.17090709 58.34557791 -8.71150002 0.00733083 -0.01910161 -0.49675316 0.86765067
1654231753.36066008 363.45084071 56.30831043 -8.75308655 0.00796722 -0.01946739 -0.48084958 0.87655075
1654231753.78742599 364.81027508 54.30907313 -8.78788831 0.00867471 -0.02001974 -0.46488206 0.88510374
1654231754.19864798 366.23916067 52.36520588 -8.82742604 0.00946902 -0.02039192 -0.44559406 0.89495276
1654231754.62817502 367.74934946 50.48026649 -8.86605807 0.01009641 -0.02102857 -0.43036616 0.90235294
1654231755.03188396 369.33010902 48.64189939 -8.88494567 0.01088422 -0.02096822 -0.41417541 0.90989043
1654231755.46422195 370.97244082 46.84933001 -8.92617248 0.01115292 -0.02110114 -0.39701530 0.91750161
1654231755.86788988 372.67141393 45.10676311 -8.96260911 0.01172417 -0.02177100 -0.38050044 0.92445010
1654231756.29712105 374.46586338 43.40207462 -8.99600160 0.01239520 -0.02240525 -0.36420139 0.93096816
1654231756.69779897 376.32104264 41.76162882 -9.01290117 0.01365673 -0.02316293 -0.35292188 0.93526634
1654231757.03398204 377.85967539 40.47454894 -9.03894564 0.01447767 -0.02401460 -0.34668767 0.93756139
1654231757.36507201 379.41507866 39.20745234 -9.06292668 0.01633737 -0.02537305 -0.34173970 0.93931000
1654231757.78922105 381.37756811 37.63935871 -9.09400790 0.01708230 -0.02615104 -0.33569468 0.94145281
1654231758.19884205 383.33979520 36.11431797 -9.09953579 0.01762967 -0.02661369 -0.33301461 0.94238112
1654231758.62797189 385.32391288 34.60478111 -9.10916465 0.01799255 -0.02703867 -0.33079053 0.94314517
1654231758.95525408 386.91875321 33.38631319 -9.12276728 0.01853383 -0.02756135 -0.32940699 0.94360368
1654231759.29028797 388.53637294 32.17076686 -9.14310206 0.01860650 -0.02768287 -0.32859277 0.94388254
1654231759.62668991 390.15547731 30.94596391 -9.13145230 0.01897518 -0.02825018 -0.32867905 0.94382835
1654231759.96482897 391.77268086 29.72378182 -9.15118177 0.01914835 -0.02841718 -0.32905858 0.94368758
1654231760.29610491 393.36901449 28.50712362 -9.13783808 0.01963894 -0.02788338 -0.32985594 0.94341501
1654231760.63090897 394.96031995 27.28546530 -9.11352466 0.02063576 -0.02729721 -0.32994422 0.94338001
1654231761.03158307 396.90350901 25.79293785 -9.12951600 0.02113272 -0.02729416 -0.33048757 0.94317888
1654231761.46320701 398.80587791 24.33625881 -9.12954136 0.02132682 -0.02709131 -0.33095204 0.94301749
1654231761.86365509 400.64074770 22.93299150 -9.14759039 0.02184169 -0.02752449 -0.33074561 0.94306558
1654231762.29981089 402.40488821 21.59097048 -9.15841472 0.02247049 -0.02876416 -0.32945254 0.94346633
1654231762.69666409 404.16268976 20.26256690 -9.16130153 0.02255050 -0.02838784 -0.32570271 0.94477688
1654231763.12769198 405.81952289 19.02154423 -9.16550427 0.02341322 -0.02938133 -0.32352493 0.94547352
1654231763.62726498 407.71256226 17.61255972 -9.18421200 0.02438962 -0.03086463 -0.32271626 0.94567792
1654231764.12890697 409.54309939 16.25116962 -9.21503276 0.02694986 -0.03325139 -0.32219426 0.94570551
1654231764.63257599 411.23844505 15.00580189 -9.18599764 0.02401378 -0.03221803 -0.32203965 0.94587304
1654231765.19664598 413.02585104 13.69059013 -9.18449952 0.02411470 -0.03309551 -0.32156261 0.94600246
1654231765.79638791 414.65294938 12.49138852 -9.16803205 0.02483370 -0.03330014 -0.32143179 0.94602114
1654231766.46333098 416.39088748 11.20668697 -9.14177102 0.02484279 -0.03289902 -0.32355033 0.94531247
1654231767.19632411 418.15065779 9.88519855 -9.12563980 0.02412035 -0.03260393 -0.32684032 0.94420898
1654231768.12969804 419.88764342 8.56008897 -9.11311147 0.02480390 -0.03242663 -0.33045987 0.94293667
1654231769.03184795 421.56647218 7.25377032 -9.11232862 0.02483811 -0.03333153 -0.33264604 0.94213518
1654231769.81576610 423.19034099 5.98346671 -9.07263061 0.02301098 -0.03312506 -0.32904261 0.94345333
1654231770.46304798 424.93083123 4.65600405 -9.05767214 0.02311010 -0.03359457 -0.32709179 0.94411243
1654231770.96448803 426.57799393 3.41560835 -9.05128886 0.02296839 -0.03373791 -0.32684780 0.94419528
1654231771.46459007 428.42103633 2.03113082 -9.03637128 0.02309053 -0.03281937 -0.32699285 0.94417445
1654231771.86208701 430.06901247 0.78512323 -9.03318449 0.02363812 -0.03314996 -0.32723531 0.94406534
1654231772.29372096 431.84665539 -0.55130156 -9.02873192 0.02342062 -0.03371545 -0.32657210 0.94428036
1654231772.69775391 433.75138431 -1.98380278 -9.02116958 0.02335105 -0.03420412 -0.32737114 0.94398779
1654231773.13033605 435.74833618 -3.48893661 -9.01071028 0.02342732 -0.03565685 -0.32953213 0.94317990
1654231773.47185397 437.40180029 -4.74468637 -8.99291868 0.02355420 -0.03597569 -0.33001553 0.94299560
1654231773.79360294 439.08947673 -6.02738428 -8.97709403 0.02318013 -0.03642620 -0.32994016 0.94301395
1654231774.12464595 440.79948496 -7.33176993 -8.95838065 0.02336870 -0.03697578 -0.32904675 0.94330002
1654231774.45540309 442.53514905 -8.64414114 -8.93483307 0.02301400 -0.03728789 -0.32411187 0.94500342
1654231774.79207301 444.28724472 -9.93304997 -8.90901135 0.02314835 -0.03791648 -0.31397203 0.94839236
1654231775.12860703 446.07979880 -11.18801951 -8.87944137 0.02387139 -0.03874694 -0.30273782 0.95198668
1654231775.45679212 447.89271574 -12.40143381 -8.84127281 0.02417941 -0.03931420 -0.29254137 0.95513837
1654231775.79630589 449.71863576 -13.55141444 -8.80511712 0.02422243 -0.03995150 -0.28141047 0.95844943
1654231776.12198305 451.58067162 -14.67232679 -8.76201662 0.02444844 -0.04026937 -0.27322859 0.96079487
1654231776.45262289 453.44674345 -15.75459619 -8.71711512 0.02439240 -0.04047548 -0.26234796 0.96381549
1654231776.79020095 455.33873295 -16.79390296 -8.67027256 0.02450560 -0.04131059 -0.25015625 0.96701332
1654231777.12251592 457.25288174 -17.78638846 -8.61945240 0.02424385 -0.04224522 -0.23762834 0.97013419
1654231777.45857906 459.18783859 -18.72258437 -8.56846005 0.02475849 -0.04368248 -0.22175866 0.97380797
1654231777.79538298 461.12988888 -19.58512066 -8.50215065 0.02496205 -0.04423219 -0.20363390 0.97772882
1654231778.12867904 463.10118555 -20.36709385 -8.40452051 0.02576796 -0.04426101 -0.18643859 0.98113079
1654231778.46289802 465.08026707 -21.08369457 -8.30012290 0.02742586 -0.04430498 -0.17042056 0.98399275
1654231778.80404401 467.07067250 -21.73140191 -8.21877723 0.02915153 -0.04512803 -0.15535528 0.98639667
1654231779.12794900 469.09372842 -22.30174435 -8.14715569 0.02995989 -0.04636184 -0.13896045 0.98875830
1654231779.46416092 471.13220610 -22.80504282 -8.06305914 0.03045315 -0.04716168 -0.12508922 0.99055594
1654231779.79465604 473.17949769 -23.25544355 -7.97625057 0.03091503 -0.04821678 -0.11218035 0.99203577
1654231780.13458300 475.25524526 -23.65211295 -7.89027135 0.03155088 -0.04967696 -0.09879233 0.99336641
1654231780.46375608 477.34444830 -24.00381040 -7.78462003 0.03155576 -0.05048076 -0.08519335 0.99458435
1654231780.79859805 479.41981653 -24.30144628 -7.65194716 0.03161495 -0.05051654 -0.07166615 0.99564679
1654231781.13354707 481.51543596 -24.53753559 -7.53317276 0.03209212 -0.05112538 -0.05720106 0.99653617
1654231781.47446489 483.61175683 -24.70894423 -7.39483977 0.03240687 -0.05119632 -0.04271468 0.99724831
1654231781.79726791 485.71596004 -24.83078505 -7.25673063 0.03314397 -0.05141573 -0.02855909 0.99771854
1654231782.13052893 487.83093957 -24.88414347 -7.13817938 0.03317171 -0.05215672 -0.01520037 0.99797208
1654231782.46539092 489.93802037 -24.89540954 -7.00553058 0.03283799 -0.05213032 -0.00067653 0.99810001
1654231782.79696107 492.01666778 -24.83650202 -6.87140135 0.03418168 -0.05297210 0.01475704 0.99790170
1654231783.13120389 494.09113918 -24.71225334 -6.73710221 0.03573322 -0.05376459 0.03074493 0.99744035
1654231783.46431804 496.14984306 -24.52971146 -6.59584362 0.03634230 -0.05445153 0.04624833 0.99678250
1654231783.79519606 498.20551984 -24.27576349 -6.44954083 0.03746167 -0.05487503 0.06149525 0.99589341
1654231784.12629700 500.24282735 -23.97456490 -6.30264512 0.03869186 -0.05557846 0.06970472 0.99526641
1654231784.46653605 502.29513072 -23.64898714 -6.15482700 0.04071339 -0.05673244 0.07099986 0.99502908
1654231784.79756498 504.36140397 -23.32036724 -5.99393766 0.04159527 -0.05711384 0.07159739 0.99492797
1654231785.13206410 506.44888685 -22.98422241 -5.83749110 0.04249548 -0.05776458 0.07395656 0.99467975
1654231785.46724606 508.53915449 -22.63420326 -5.66851231 0.04300898 -0.05804110 0.07801514 0.99433148
1654231785.79776192 510.62851334 -22.26282262 -5.50356644 0.04339443 -0.05864262 0.08066914 0.99406763
1654231786.13053298 512.72963845 -21.87920974 -5.33141456 0.04390803 -0.05907291 0.08323223 0.99380827
1654231786.45899200 514.82844202 -21.48425133 -5.15432845 0.04501533 -0.05963510 0.08557044 0.99352653
1654231786.79550791 516.95483764 -21.07605805 -4.96931339 0.04641751 -0.06006091 0.08643494 0.99336152
1654231787.12904191 519.10569882 -20.65917558 -4.78498318 0.04730335 -0.06011931 0.08842533 0.99314099
1654231787.45207810 521.26984187 -20.23183475 -4.61920797 0.04975837 -0.06091175 0.08902577 0.99291907
1654231787.78777409 523.43285332 -19.83590918 -4.55021876 0.06073685 -0.06534746 0.09021684 0.99191818
1654231788.12036204 525.63783750 -19.38749537 -4.30235385 0.06236596 -0.06573461 0.09028344 0.99178544
1654231788.45980597 527.90424315 -18.95626757 -4.05805366 0.06508923 -0.06680827 0.09066298 0.99150404
1654231788.79612494 530.18649197 -18.49843211 -3.81737575 0.06605048 -0.06731094 0.09094780 0.99138039
1654231789.12376809 532.51506212 -18.03576217 -3.56360370 0.06631876 -0.06758258 0.09099289 0.99133986
1654231789.45985293 534.77504912 -17.58683520 -3.32168503 0.06743950 -0.06836615 0.09134682 0.99117796
1654231789.79292989 537.08362715 -17.13119491 -3.06235352 0.06904552 -0.06877576 0.09123773 0.99104908
1654231790.12775302 539.44873037 -16.65881247 -2.80440589 0.07076844 -0.06922946 0.09101958 0.99091601
1654231790.45901489 541.82807213 -16.19129553 -2.53874550 0.07286333 -0.06982575 0.09086181 0.99073681
1654231790.79367709 544.22413562 -15.72854752 -2.22039024 0.07457261 -0.06982918 0.09195631 0.99050838
1654231791.12493396 546.63909278 -15.27300496 -1.94158326 0.07696028 -0.07100114 0.09316875 0.99012905
1654231791.45784211 549.12062455 -14.76871223 -1.63637199 0.07781637 -0.07119911 0.09504368 0.98986969
1654231791.79054594 551.64121856 -14.24718950 -1.34089010 0.07741992 -0.07092100 0.09626466 0.98980275
1654231792.12420893 554.19397576 -13.70011321 -1.04342286 0.07921781 -0.07173576 0.09633037 0.98959536
1654231792.46533203 556.77133012 -13.15147258 -0.72907548 0.08005041 -0.07225403 0.09588871 0.98953355
1654231792.79097891 559.34276011 -12.61543249 -0.41199052 0.08104728 -0.07270557 0.09637055 0.98937251
1654231793.02626109 561.29067934 -12.20424447 -0.17111489 0.08124553 -0.07265143 0.09695332 0.98930328
1654231793.35950494 563.85962273 -11.66449125 0.14251418 0.08418896 -0.07389744 0.09816740 0.98884506
1654231793.69839001 566.43530491 -11.10571391 0.45819285 0.08674260 -0.07534334 0.09977113 0.98835460
1654231794.02967191 568.99322868 -10.55053088 0.79269511 0.08845312 -0.07644249 0.10108784 0.98798474
1654231794.35986495 571.54833483 -9.99690919 1.13748941 0.08972575 -0.07711289 0.10091126 0.98783592
1654231794.69263411 574.10666279 -9.44349252 1.48097071 0.08961399 -0.07728445 0.10025539 0.98789944
1654231795.02709603 576.65611969 -8.88940956 1.80832564 0.09147950 -0.07913587 0.09838446 0.98776997
1654231795.36050105 579.18517137 -8.34732553 2.15069540 0.09408220 -0.08076466 0.09701313 0.98752927
1654231795.69340205 581.67360949 -7.82513283 2.50064922 0.09690219 -0.08230271 0.09552741 0.98727440
1654231796.02577305 584.13865564 -7.31098326 2.87210344 0.09774084 -0.08234358 0.09347223 0.98738503
1654231796.35573912 586.56906845 -6.81895618 3.23739526 0.09825036 -0.08215791 0.09099163 0.98758163
1654231796.68788195 589.02132285 -6.33533232 3.59049478 0.09962903 -0.08292303 0.08650271 0.98778293
1654231797.01939797 591.46727586 -5.88577519 3.94086285 0.10094590 -0.08311381 0.07814652 0.98832947
1654231797.35806298 593.92446358 -5.47450845 4.28912970 0.10261394 -0.08352711 0.06848595 0.98883936
1654231797.68966389 596.34084899 -5.14459616 4.63076004 0.10334486 -0.08264444 0.05614965 0.98961455
1654231798.02193904 598.79475444 -4.85741094 4.96585027 0.10472283 -0.08239481 0.04319399 0.99014065
1654231798.35324001 601.25275758 -4.63515848 5.27386225 0.10718512 -0.08506507 0.03054500 0.99012236
1654231798.68761611 603.71440674 -4.46824967 5.59072481 0.10828317 -0.08686429 0.01620449 0.99018522
1654231799.02009892 606.16651507 -4.38422208 5.93262192 0.10921348 -0.08659034 0.00102810 0.99023910
1654231799.35273600 608.60816978 -4.37126125 6.25564279 0.11068395 -0.08632795 -0.01547208 0.98997837
1654231799.68665004 611.00042555 -4.41882671 6.56645897 0.11211131 -0.08492229 -0.03352349 0.98949251
1654231800.02023911 613.40682209 -4.55927468 6.84643936 0.11239986 -0.08542634 -0.04979229 0.98873118
1654231800.35806203 615.79722759 -4.78664704 7.13453341 0.11037770 -0.08606862 -0.06547933 0.98798857
1654231800.68807507 618.14983973 -5.08893327 7.41679579 0.10885780 -0.08581893 -0.08112621 0.98701754
1654231801.02138495 620.51615767 -5.47944567 7.69104989 0.10749372 -0.08546564 -0.09681234 0.98578299
1654231801.35511804 622.85329669 -5.94840924 7.96226325 0.10562300 -0.08432315 -0.11337578 0.98431668
1654231801.68737793 625.16753438 -6.48325438 8.22445588 0.10379345 -0.08253809 -0.13118358 0.98244860
1654231802.01949310 627.47347374 -7.10113732 8.46320988 0.10123674 -0.08192633 -0.14761340 0.98043331
1654231802.35191989 629.77440009 -7.79602628 8.66957784 0.10185892 -0.08283959 -0.16243703 0.97794508
1654231802.68649602 632.05282623 -8.55639137 8.88855058 0.10210839 -0.08206409 -0.17674142 0.97550081
1654231803.02011490 634.33796555 -9.39031389 9.08828442 0.10318273 -0.08107106 -0.19179772 0.97262246
1654231803.35354996 636.63283829 -10.30911047 9.27721407 0.10391161 -0.08025141 -0.20709654 0.96947053
1654231803.68428612 638.84349983 -11.27389969 9.48110698 0.10012357 -0.07901999 -0.22281212 0.96648118
1654231804.01968908 641.03177563 -12.32384063 9.63995258 0.10014606 -0.08022950 -0.23733926 0.96291436
1654231804.35145998 643.22188054 -13.44952521 9.80931009 0.09936911 -0.07960250 -0.25255894 0.95916797
1654231804.68578696 645.36749392 -14.62886037 9.96508373 0.09942261 -0.07857952 -0.26689115 0.95535832
1654231805.02019405 647.47418031 -15.84896538 10.11289201 0.09683893 -0.07795065 -0.28291182 0.95105564
1654231805.35392809 649.54445146 -17.16313991 10.25482804 0.09325322 -0.07678122 -0.29831345 0.94679331
1654231805.69099498 651.59271563 -18.55523364 10.36834317 0.09004517 -0.07747119 -0.31524449 0.94154713
1654231806.02658391 653.58904977 -20.01943033 10.49480549 0.08484203 -0.07745776 -0.33088071 0.93665366
1654231806.36022091 655.54476548 -21.56439687 10.62405581 0.08112181 -0.07773058 -0.34570269 0.93159372
1654231806.69575405 657.43214942 -23.15040133 10.74510080 0.08096828 -0.07681117 -0.36209321 0.92543649
1654231807.02947497 659.23084059 -24.75758552 10.85980799 0.07898251 -0.07654498 -0.37707799 0.91962754
1654231807.36228991 661.03211084 -26.49209377 10.96954535 0.07843691 -0.07614230 -0.39074627 0.91398433
1654231807.69633889 662.76096319 -28.26111464 11.07819193 0.07685668 -0.07645076 -0.40364626 0.90847016
1654231808.03142190 664.48200314 -30.11291316 11.18940808 0.07630357 -0.07609705 -0.41374063 0.90399430
1654231808.36266494 666.17645831 -32.03213710 11.28865637 0.07603309 -0.07547982 -0.42034898 0.90101526
1654231808.69994807 667.84149232 -33.94324688 11.38406234 0.07601034 -0.07520239 -0.42433107 0.89917194
1654231809.02943110 669.48493680 -35.85595719 11.47907861 0.07596767 -0.07512501 -0.42590536 0.89843741
1654231809.36604595 671.15743444 -37.81475237 11.58750596 0.07586572 -0.07501067 -0.42681886 0.89802197
1654231809.69880199 672.83985384 -39.78141155 11.66980014 0.07862081 -0.07753770 -0.42641070 0.89776422
1654231810.03368497 674.48754860 -41.74054294 11.75333799 0.07972359 -0.07843353 -0.42605670 0.89775721
1654231810.37081695 676.17899584 -43.70738180 11.82952333 0.08310700 -0.08138618 -0.42575081 0.89733258
1654231810.69851708 677.88634336 -45.69573418 11.91771902 0.08475707 -0.08301458 -0.42603168 0.89689566
1654231811.03423500 679.59165445 -47.69887556 12.03234255 0.08509909 -0.08323979 -0.42611747 0.89680164
1654231811.37054205 681.30102995 -49.69849137 12.14077027 0.08658357 -0.08473781 -0.42581273 0.89666399
1654231811.69742894 682.99221189 -51.69631365 12.24398456 0.08725944 -0.08595030 -0.42568865 0.89654197
1654231812.03245807 684.69421920 -53.70383064 12.35601870 0.08912761 -0.08748191 -0.42570850 0.89620057
1654231812.36432600 686.40808765 -55.71251630 12.48811272 0.09071231 -0.08869539 -0.42569607 0.89592816
1654231812.70027399 688.11613822 -57.72664102 12.61628968 0.09205667 -0.08987473 -0.42571525 0.89566435
1654231813.03269506 689.83262443 -59.75260301 12.74614281 0.09295697 -0.09046693 -0.42597471 0.89538834
1654231813.36465311 691.54109263 -61.78707388 12.87917979 0.09393933 -0.09108976 -0.42538962 0.89550082
1654231813.69673800 693.23638560 -63.80268028 13.00201334 0.09527054 -0.09258937 -0.42505955 0.89536312
1654231814.02984905 694.93715548 -65.80231636 13.14632879 0.09806807 -0.09500025 -0.42498828 0.89484220
1654231814.36320400 696.62511561 -67.80524720 13.29466157 0.09961268 -0.09616711 -0.42481738 0.89462808
1654231814.69447994 698.29945424 -69.73429780 13.45695944 0.10040665 -0.09653436 -0.42488143 0.89446934
1654231815.02814507 699.99777654 -71.71445858 13.61149352 0.10152527 -0.09776047 -0.42488347 0.89420889
1654231815.36359501 701.66262135 -73.68317632 13.77137355 0.10244982 -0.09858740 -0.42450013 0.89419472
1654231815.69590712 703.33352565 -75.66592405 13.92324913 0.10357522 -0.10002168 -0.42394652 0.89416843
1654231816.02955008 705.02138124 -77.65242012 14.06580078 0.10432979 -0.10116826 -0.42363549 0.89409913
1654231816.36359406 706.67148389 -79.58740269 14.22403213 0.10555867 -0.10224697 -0.42342061 0.89393395
1654231816.69554901 708.29735575 -81.51785342 14.36715710 0.10604827 -0.10322146 -0.42281954 0.89404851
1654231817.02879190 709.89683296 -83.46936832 14.51680116 0.10779008 -0.10507152 -0.42142064 0.89428515
1654231817.36175203 711.53349329 -85.40118706 14.70784132 0.10969443 -0.10652587 -0.41969113 0.89469477
1654231817.69593191 713.18626058 -87.30671624 14.88371041 0.11040096 -0.10722601 -0.41896536 0.89486437
1654231818.02823305 714.81880742 -89.19294556 15.04452814 0.11024648 -0.10768232 -0.41786255 0.89534414
1654231818.36332393 716.42545172 -91.03299164 15.21442239 0.11022527 -0.10825709 -0.41696789 0.89569447
1654231818.69589210 718.01916820 -92.85510617 15.38256900 0.10986271 -0.10819207 -0.41641880 0.89600226
1654231819.03189206 719.57365637 -94.62573208 15.54441546 0.11029172 -0.10910608 -0.41620529 0.89593792
1654231819.36358595 721.09178269 -96.37705908 15.70374766 0.11078682 -0.10960608 -0.41569465 0.89605287
1654231819.69735694 722.58763670 -98.08882156 15.85080433 0.11065983 -0.10969989 -0.41548986 0.89615206
1654231820.03645205 724.06873161 -99.77092184 15.99620433 0.11087994 -0.11007122 -0.41541026 0.89611622
1654231820.36282206 725.51110107 -101.43216338 16.14458532 0.11101559 -0.11027199 -0.41518710 0.89617816
1654231820.70171094 726.96720226 -103.09954424 16.30163548 0.11118329 -0.11043084 -0.41511539 0.89617103
1654231821.03207994 728.39184079 -104.75139671 16.47136047 0.11136214 -0.11035220 -0.41479198 0.89630825
1654231821.36191106 729.83469063 -106.38940282 16.63267227 0.11075282 -0.10942457 -0.41571877 0.89606807
1654231821.69418097 731.28188895 -108.02367013 16.75919478 0.11267325 -0.10941335 -0.41558884 0.89589027
1654231822.02441096 732.69737145 -109.63411570 16.84887072 0.11429966 -0.11109820 -0.41586045 0.89535069
1654231822.35845590 734.05974120 -111.22228240 16.99133923 0.11316819 -0.11141048 -0.41577797 0.89549391
1654231822.69282198 735.45945138 -112.84236731 17.13529454 0.11369201 -0.11114941 -0.41650588 0.89512166
1654231823.02467489 736.77467309 -114.41236293 17.31758398 0.11228671 -0.10820329 -0.41595001 0.89591815
1654231823.35716009 738.09480349 -115.93396052 17.44372492 0.11178784 -0.10945931 -0.41634734 0.89564336
1654231823.78067803 739.66069048 -117.76957054 17.60693419 0.11353337 -0.11022136 -0.41611016 0.89544054
1654231824.19222307 741.30003585 -119.62946605 17.73256136 0.11601173 -0.11282082 -0.41669096 0.89452858
1654231824.61378598 742.87357742 -121.44129755 17.88946733 0.11701805 -0.11398645 -0.41689784 0.89415326
1654231825.02524805 744.42484047 -123.21640997 18.01908038 0.11937068 -0.11710112 -0.41678449 0.89349239
1654231825.44846392 745.91706707 -124.95207655 18.19691135 0.11896569 -0.11781574 -0.41567093 0.89397108
1654231825.85679507 747.33716306 -126.60555585 18.36328656 0.11715497 -0.11788867 -0.41283807 0.89551198
1654231826.28374410 748.70510617 -128.17276407 18.55104796 0.11647071 -0.11785228 -0.40961292 0.89708565
1654231826.78368402 750.22850398 -129.88786622 18.74412400 0.11616927 -0.11875476 -0.40420196 0.89945694
1654231827.28549004 751.66390608 -131.44725423 18.93199922 0.11557526 -0.11951360 -0.39835924 0.90203590
1654231827.79143000 753.04520022 -132.91352226 19.11556509 0.11532494 -0.12118804 -0.38909286 0.90588099
1654231828.36030102 754.67520939 -134.56736167 19.36964100 0.11401402 -0.12354785 -0.37274651 0.91257699
1654231828.85692811 756.16067860 -135.96393286 19.59591784 0.11250610 -0.12604177 -0.35337505 0.92009887
1654231829.35363293 757.73017884 -137.32250982 19.84356437 0.11142554 -0.12874330 -0.33035191 0.92837338
1654231829.85635400 759.34579253 -138.58735856 20.12259990 0.11010063 -0.13260492 -0.30507964 0.93660034
1654231830.35629392 761.07180593 -139.79216871 20.44211931 0.10852986 -0.13652066 -0.27813556 0.94457609
1654231830.85697603 762.92190162 -140.93361924 20.80019135 0.10651286 -0.14001716 -0.25355496 0.95118878
1654231831.35878897 764.82767998 -141.99913071 21.19313565 0.10539306 -0.14130648 -0.24173372 0.95419578
1654231831.85681295 766.81315369 -143.06477493 21.60701979 0.10555916 -0.14189106 -0.24036449 0.95443654
1654231832.35993099 768.77074342 -144.12575739 22.03041688 0.10704203 -0.14147657 -0.24892872 0.95213490
1654231832.85963702 770.66583934 -145.20846907 22.42590106 0.10860849 -0.13999441 -0.26813455 0.94694753
1654231833.35906601 772.56845963 -146.40662980 22.80964040 0.11138292 -0.13736287 -0.29387453 0.93934182
1654231833.86225009 774.43103833 -147.71989219 23.17045161 0.11444114 -0.13336671 -0.33048151 0.92730713
1654231834.36122990 776.21794197 -149.22910810 23.48931981 0.11819624 -0.12697514 -0.38197959 0.90774366
1654231834.86074710 777.86455515 -150.99066670 23.74441210 0.12316802 -0.11836884 -0.44057155 0.88131445
1654231835.29243302 779.07071261 -152.60833658 23.89401685 0.12653665 -0.11130532 -0.48407599 0.85864430
1654231835.69386005 780.16763796 -154.43036508 23.95271538 0.12965863 -0.10636603 -0.51625079 0.83985715
1654231836.12652302 781.16686256 -156.36156081 23.97402838 0.13021879 -0.10307458 -0.53472936 0.82854283
1654231836.53134894 782.12832015 -158.38707616 23.96176596 0.12964606 -0.10099409 -0.54527314 0.82199106
1654231836.96301699 783.06103194 -160.44578561 23.93316864 0.12956880 -0.10062174 -0.54686595 0.82099015
1654231837.36515594 783.98833886 -162.49060630 23.90633429 0.12899786 -0.10085189 -0.54578164 0.82177299
1654231837.79196095 784.90648868 -164.51567234 23.88019801 0.12855278 -0.10112820 -0.54457898 0.82260623
1654231838.19461703 785.86918241 -166.58965309 23.85872334 0.12837943 -0.10234421 -0.53874227 0.82631783
1654231838.61806107 786.83252246 -168.59460673 23.82331902 0.12841128 -0.10439924 -0.53034008 0.83147504
1654231839.03286910 787.80922123 -170.57796366 23.86204330 0.12718627 -0.10574496 -0.51890168 0.83867914
1654231839.45467997 788.80103457 -172.45458224 23.89642438 0.12576482 -0.10772975 -0.50440491 0.84743920
1654231839.86082196 789.81880926 -174.22092307 23.93855409 0.12478043 -0.10998246 -0.48988825 0.85577053
1654231840.28427100 790.87802966 -175.94149117 24.02668344 0.12420285 -0.11215496 -0.47614515 0.86329642
1654231840.68884206 792.01679514 -177.65576918 24.13723935 0.12383737 -0.11409029 -0.46318391 0.87011975
1654231841.12350702 793.18596287 -179.30641471 24.25899066 0.12357658 -0.11610243 -0.45135418 0.87608702
1654231841.52762389 794.39530775 -180.93276194 24.38620689 0.12375294 -0.11774422 -0.44126571 0.88096883
1654231842.02724791 795.83599037 -182.78351379 24.54666758 0.12277581 -0.11912224 -0.43108276 0.88594788
1654231842.53057408 797.31249847 -184.57889854 24.70338690 0.12241078 -0.12081528 -0.42374458 0.88930299
1654231842.95983505 798.62985589 -186.14203359 24.86716057 0.12204797 -0.12163377 -0.42009777 0.89096991
1654231843.36584210 800.00969019 -187.76261707 25.03359543 0.12260197 -0.12182959 -0.41793701 0.89188282
1654231843.79349399 801.34163827 -189.32190127 25.20380672 0.12251058 -0.12212441 -0.41607624 0.89272468
1654231844.19950294 802.75947821 -190.96125180 25.38328086 0.12251503 -0.12310660 -0.41107438 0.89490373
1654231844.62980390 804.20747397 -192.60892186 25.58897296 0.12243828 -0.12446921 -0.40649795 0.89681419
1654231845.03571606 805.71861189 -194.27717396 25.78201748 0.12188076 -0.12514027 -0.40269225 0.89851207
1654231845.46968293 807.22870079 -195.91319111 25.98057688 0.12106894 -0.12554518 -0.39881546 0.90029270
1654231845.87135792 808.72771889 -197.51334112 26.18935887 0.12035043 -0.12631846 -0.39227427 0.90315022
1654231846.29140401 810.20176760 -199.04661886 26.39915934 0.11950073 -0.12743826 -0.38325157 0.90697150
1654231846.69975495 811.69884098 -200.54050846 26.63485361 0.11895369 -0.12850347 -0.37422511 0.91065496
1654231847.12222505 813.16512753 -201.96492047 26.89449599 0.11896049 -0.12929946 -0.36622772 0.91378734
1654231847.53466511 814.68911924 -203.39222046 27.15991847 0.11877944 -0.13045176 -0.35686903 0.91734305
1654231847.95298195 816.26480053 -204.80196005 27.42436039 0.11809027 -0.13164924 -0.34693535 0.92106407
1654231848.36282301 817.89732052 -206.20609254 27.69932457 0.11769322 -0.13298453 -0.33789830 0.92427710
1654231848.77691889 819.53068505 -207.56776489 27.96485954 0.11700628 -0.13404436 -0.32994925 0.92707882
1654231849.19298506 821.19906576 -208.89393477 28.26547618 0.11637063 -0.13495532 -0.32108066 0.93013555
1654231849.61482191 822.90294212 -210.21317328 28.62715377 0.11582929 -0.13550994 -0.31257575 0.93301502
1654231850.03608608 824.62377959 -211.49910743 28.99018481 0.11520395 -0.13641069 -0.30316985 0.93605994
1654231850.45137596 826.42931444 -212.79820867 29.35411520 0.11526016 -0.13816800 -0.29290971 0.93905729
1654231850.86456490 828.35214855 -214.07000266 29.69882243 0.11357077 -0.13874146 -0.28386352 0.94195222
1654231851.28847909 830.37616633 -215.34435747 30.07094480 0.11197740 -0.13913270 -0.27597919 0.94442503
1654231851.69971395 832.41184478 -216.65877250 30.49098324 0.11172394 -0.14038928 -0.26759530 0.94667913
1654231852.03531599 834.09625839 -217.68277404 30.83424896 0.11144871 -0.14145725 -0.26187555 0.94815095
1654231852.36451292 835.86621377 -218.72486930 31.21378808 0.11089264 -0.14136734 -0.25446352 0.95024545
1654231852.70311904 837.62793121 -219.72423857 31.58593720 0.11090254 -0.14268221 -0.25024070 0.95116876
1654231853.03449512 839.42434422 -220.73310433 31.95424556 0.11063488 -0.14426285 -0.24430277 0.95250423
1654231853.36823297 841.14632343 -221.74594355 32.35773481 0.11096652 -0.14507362 -0.23807747 0.95391781
1654231853.70262289 842.86898047 -222.69421976 32.75614586 0.11200519 -0.14628326 -0.23391086 0.95464221
1654231854.03786707 844.62465846 -223.62000934 33.14666978 0.11205124 -0.14720314 -0.22983276 0.95548556
1654231854.37148094 846.37675890 -224.51572182 33.54070155 0.11153738 -0.14777019 -0.22487776 0.95663649
1654231854.70212197 848.13557467 -225.38922265 33.93490629 0.11148506 -0.14864292 -0.21810809 0.95807370
1654231855.12443304 850.32278908 -226.43691527 34.43094569 0.10980839 -0.14995312 -0.21026696 0.95981456
1654231855.54066491 852.50842178 -227.43481670 34.93992596 0.10866891 -0.15092479 -0.20115863 0.96174216
1654231855.96337199 854.65561829 -228.38473883 35.50815445 0.10856861 -0.15170468 -0.19156522 0.96358773
1654231856.37197208 856.81250726 -229.27092759 36.04711816 0.10802860 -0.15274896 -0.18215078 0.96530755
1654231856.79686499 858.96030181 -230.10894532 36.58404527 0.10704793 -0.15360175 -0.17319895 0.96692780
1654231857.21097994 861.15739202 -230.90796670 37.12344959 0.10582755 -0.15453046 -0.16344349 0.96861091
1654231857.63338995 863.32692118 -231.66610677 37.66204572 0.10587463 -0.15574258 -0.15645537 0.96956512
1654231858.04208994 865.51509302 -232.39611139 38.22783045 0.10544343 -0.15614138 -0.14973665 0.97060831
1654231858.47091603 867.69922783 -233.09491241 38.80824806 0.10550496 -0.15651383 -0.14290085 0.97157165
1654231858.87899899 869.90521287 -233.76052291 39.38246609 0.10475393 -0.15729289 -0.13576120 0.97255049
1654231859.30118990 872.11019488 -234.39667882 39.97054368 0.10353266 -0.15813573 -0.12554100 0.97391660
1654231859.70628190 874.32054351 -234.97930082 40.55790820 0.10222148 -0.15913983 -0.11466462 0.97523193
1654231860.13345003 876.55928078 -235.51105764 41.16102709 0.10117395 -0.16008683 -0.10452221 0.97632533
1654231860.53527308 878.78209806 -235.99816913 41.76558237 0.10044006 -0.16077205 -0.09844749 0.97691977
1654231860.95642090 881.00481468 -236.45527625 42.36472517 0.10036547 -0.16126694 -0.09380168 0.97730292
1654231861.36974692 883.20244990 -236.88815433 42.96364837 0.09964125 -0.16201979 -0.08682384 0.97789715
1654231861.78952909 885.35364283 -237.28204276 43.55842759 0.09815786 -0.16256571 -0.07854146 0.97865656
1654231862.20662689 887.50206177 -237.62522677 44.13917389 0.09743290 -0.16437552 -0.07028238 0.97905460
1654231862.61835098 889.62949531 -237.93383712 44.74953123 0.09713388 -0.16528618 -0.06275392 0.97944241
1654231863.03836489 891.77037345 -238.21432693 45.36591847 0.09636393 -0.16572154 -0.05665179 0.97981679
1654231863.45489502 893.83843044 -238.46345903 45.97265683 0.09611339 -0.16605600 -0.05072058 0.98010971
1654231863.86940408 895.98100382 -238.68458254 46.56812938 0.09498661 -0.16685628 -0.04602764 0.98031525
1654231864.28930092 898.08482896 -238.89831442 47.23518678 0.09594353 -0.16703193 -0.04224269 0.98036255
1654231864.70153189 900.16951751 -239.08897336 47.88261166 0.09610983 -0.16744950 -0.03626514 0.98051436
1654231865.12451601 902.17427339 -239.25964323 48.56014875 0.09646769 -0.16795137 -0.02829282 0.98065582
1654231865.53362393 904.19721605 -239.37537181 49.18650523 0.09587916 -0.16879662 -0.01992285 0.98077417
1654231865.95842791 906.21125528 -239.46135480 49.80615004 0.09565609 -0.17010148 -0.01116804 0.98070927
1654231866.37027502 908.28530301 -239.51165903 50.45329400 0.09466551 -0.17103580 -0.00387315 0.98069883
1654231866.79519010 910.40240497 -239.52937610 51.11397496 0.09398354 -0.17165228 0.00184559 0.98066262
1654231867.20266891 912.47477659 -239.53758017 51.80082301 0.09391409 -0.17163921 0.00382777 0.98066583
1654231867.62757802 914.50325097 -239.54813639 52.48536687 0.09422809 -0.17160584 0.00617391 0.98062959
1654231868.03530502 916.48995572 -239.53694638 53.11869287 0.09445521 -0.17201617 0.00834957 0.98051973
1654231868.46356893 918.41181916 -239.52222575 53.72921432 0.09524255 -0.17311960 0.01033705 0.98023038
1654231868.87288809 920.35361535 -239.48829863 54.34879506 0.09539076 -0.17359624 0.01232574 0.98010868
1654231869.30452108 922.28960309 -239.44965902 54.97644682 0.09506808 -0.17414563 0.01323624 0.98003069
1654231869.80151892 924.54345859 -239.40630119 55.70427232 0.09541853 -0.17468619 0.01378906 0.97989280
1654231870.29951096 926.76137053 -239.37119095 56.44161753 0.09601041 -0.17505278 0.01493625 0.97975274
1654231870.80373311 929.05322281 -239.27176343 56.97186248 0.09784373 -0.17728985 0.01710060 0.97913354
1654231871.30845189 931.31074487 -239.17213988 57.56405491 0.09798272 -0.17875547 0.01796918 0.97883756
1654231871.79865694 933.41435562 -239.14315480 58.47361537 0.09369306 -0.17641523 0.02011093 0.97964015
1654231872.30227590 935.57988367 -239.07872122 59.40560493 0.08557552 -0.17624409 0.02076993 0.98039964
1654231872.70217896 937.47359091 -239.00658196 60.09145788 0.08139931 -0.17692316 0.02209238 0.98060404
1654231873.20028901 939.79107693 -238.91425008 60.85118189 0.08193325 -0.17783246 0.02551294 0.98031202
1654231873.63804197 941.79521970 -238.83095926 61.52834863 0.08162537 -0.17791222 0.02684165 0.98028775
1654231874.03514791 943.83181686 -238.73975522 62.30951484 0.08122270 -0.17738779 0.02715841 0.98040750
1654231874.47194004 945.90137079 -238.63306680 63.00628657 0.08126523 -0.17740339 0.02756598 0.98038978
1654231874.86784697 947.98773614 -238.52480258 63.69206798 0.08142103 -0.17766477 0.02783719 0.98032185
1654231875.31015491 950.11255839 -238.40779399 64.38999617 0.08136611 -0.17778077 0.02790606 0.98030343
1654231875.70032907 952.25994729 -238.29396082 65.10996766 0.08161169 -0.17768298 0.02824920 0.98029091
1654231876.13643003 954.44010378 -238.17040667 65.80448860 0.08178960 -0.17817191 0.02731655 0.98021377
1654231876.53493905 956.62740372 -238.05544508 66.54879184 0.08217622 -0.17777626 0.02603827 0.98028806
1654231876.97005510 958.82186696 -237.95463204 67.31707337 0.08214178 -0.17737761 0.02414622 0.98041158
1654231877.37638903 961.05719866 -237.85389622 68.08214490 0.08232388 -0.17702700 0.02180160 0.98051462
1654231877.80046105 963.30437143 -237.76398949 68.82845714 0.08288423 -0.17690835 0.01829369 0.98056054
1654231878.20620298 965.56283086 -237.69142905 69.56829244 0.08328081 -0.17679036 0.01485041 0.98060642
1654231878.63313890 967.80453761 -237.64031911 70.31792856 0.08331257 -0.17673011 0.01226192 0.98065036
1654231879.03587890 970.04263609 -237.59521115 71.05397504 0.08395297 -0.17679908 0.00974178 0.98061158
1654231879.46672893 972.25684235 -237.57453994 71.78935840 0.08379534 -0.17676454 0.00770287 0.98064943
1654231879.86974812 974.47410274 -237.55711707 72.53814010 0.08282606 -0.17681726 0.00518440 0.98073881
1654231880.30268002 976.68518253 -237.55725913 73.28748224 0.08109119 -0.17735382 0.00378812 0.98079330
1654231880.70546794 978.90127255 -237.55035419 74.03442533 0.08056889 -0.17766149 0.00262673 0.98078446
1654231881.12940311 981.11110419 -237.55524609 74.78502371 0.08008485 -0.17799411 0.00163913 0.98076594
1654231881.53821301 983.33851341 -237.55071772 75.51585736 0.08111922 -0.17856699 0.00081751 0.98057781
1654231881.95460200 985.54482258 -237.57047236 76.27666201 0.07810626 -0.17854042 -0.00400545 0.98081940
1654231882.36912990 987.78342340 -237.60954486 77.01698096 0.07694792 -0.17874873 -0.00847242 0.98084460
1654231882.78222108 990.01636745 -237.67239037 77.74852925 0.07692698 -0.17873212 -0.01200427 0.98081240
1654231883.20146799 992.25867989 -237.74038818 78.49558987 0.07467180 -0.17856907 -0.01611674 0.98095742
1654231883.61388707 994.53086985 -237.82588720 79.23938600 0.07446666 -0.17863366 -0.01954417 0.98089895
1654231884.03331089 996.71360967 -237.90506462 79.96194678 0.07531427 -0.17890133 -0.02393835 0.98068804
1654231884.44977093 998.88759054 -238.04085225 80.75734999 0.07651011 -0.17818671 -0.02694802 0.98064749
1654231884.86666393 1001.12056260 -238.22059568 81.53295407 0.07831420 -0.17762959 -0.02888403 0.98055103
1654231885.28462410 1003.37753749 -238.38303985 82.31523275 0.07928939 -0.17688863 -0.03178316 0.98051692
1654231885.70419312 1005.65716553 -238.54804430 83.06776264 0.08082050 -0.17738357 -0.03585403 0.98016203
1654231886.12143302 1007.97337353 -238.74433486 83.81008403 0.08218502 -0.17769770 -0.03980376 0.97983918
1654231886.53395295 1010.27754281 -238.95102351 84.53256692 0.08407545 -0.17868933 -0.04306573 0.97936040
1654231886.95593905 1012.56584360 -239.18050249 85.27884741 0.08569003 -0.17928792 -0.04669964 0.97894443
1654231887.36914802 1014.86394825 -239.42512847 86.02655559 0.08600195 -0.17936290 -0.05096501 0.97869055
1654231887.78696299 1017.16497327 -239.69474837 86.76731434 0.08715484 -0.17967863 -0.05628032 0.97823931
1654231888.20462298 1019.49694542 -239.98710150 87.50166737 0.09036756 -0.17953778 -0.06557640 0.97739431
1654231888.62309790 1021.83637380 -240.35529950 88.24959765 0.09288582 -0.17873148 -0.07950320 0.97627175
1654231888.94980311 1023.72571976 -240.70815050 88.87057689 0.09267653 -0.17783135 -0.08927525 0.97561109
1654231889.28259206 1025.60272852 -241.08714158 89.47070007 0.09367021 -0.17728516 -0.09792620 0.97478527
1654231889.61689210 1027.47883139 -241.50888826 90.06255133 0.09281828 -0.17707510 -0.10448512 0.97422381
1654231889.95128608 1029.35392285 -241.93969031 90.66017233 0.08967277 -0.17753105 -0.10988492 0.97384127
1654231890.28277111 1031.24293026 -242.38718233 91.25423078 0.08819904 -0.17768949 -0.11415345 0.97345589
1654231890.61740494 1033.16677310 -242.86449815 91.85487053 0.08955344 -0.17740496 -0.11712035 0.97303160
1654231890.95897293 1035.09547790 -243.36170855 92.45844799 0.09082513 -0.17699718 -0.12295558 0.97226782
1654231891.28523707 1037.02531871 -243.89901146 93.05648478 0.09109059 -0.17668001 -0.12949555 0.97145127
1654231891.61901212 1038.93872236 -244.44309864 93.64351715 0.09128903 -0.17671144 -0.13415623 0.97079426
1654231891.95178294 1040.87727938 -245.02227745 94.23915100 0.09015391 -0.17692719 -0.13776021 0.97035620
1654231892.28551006 1042.82773103 -245.61576249 94.83691673 0.08963281 -0.17729299 -0.14026173 0.96997928
1654231892.61879110 1044.75937916 -246.21582533 95.43390241 0.08790348 -0.17873691 -0.14371425 0.96936696
1654231892.95400691 1046.67662525 -246.84437747 96.03546737 0.08717065 -0.17878048 -0.14610607 0.96906751
1654231893.28467798 1048.61476075 -247.46530955 96.64387325 0.08662061 -0.17889784 -0.14983164 0.96852616
1654231893.62155008 1050.55839141 -248.10032802 97.26613367 0.08489007 -0.17895248 -0.15461177 0.96791781
1654231893.95218110 1052.50368434 -248.75480025 97.88429575 0.08393511 -0.17895749 -0.15948424 0.96720933
1654231894.28385091 1054.46850721 -249.44670905 98.48104100 0.08714267 -0.17910166 -0.16398300 0.96614612
1654231894.61732697 1056.40807811 -250.15412044 99.06825851 0.09008728 -0.17917884 -0.16796358 0.96517743
1654231894.95854211 1058.31898219 -250.87584202 99.61592231 0.09726904 -0.18045386 -0.17013956 0.96386081
1654231895.28763103 1060.17453554 -251.58786885 100.19612458 0.09719103 -0.18069471 -0.17489132 0.96297266
1654231895.62414193 1062.02467653 -252.32145124 100.78677882 0.09725417 -0.17984640 -0.17961465 0.96225541
1654231895.95964789 1063.83872957 -253.06451153 101.36872334 0.09684800 -0.17961678 -0.18272191 0.96175412
1654231896.28804493 1065.66086243 -253.81950698 101.93437100 0.09847966 -0.17973920 -0.18441340 0.96124257
1654231896.62728906 1067.49443957 -254.58117934 102.50269274 0.09836392 -0.17971342 -0.18770340 0.96062222
1654231896.95277309 1069.35179695 -255.36474639 103.07905503 0.09791292 -0.17955954 -0.19358185 0.95952983
1654231897.28581691 1071.21331761 -256.17778133 103.66585029 0.09687989 -0.17917588 -0.19903576 0.95859014
1654231897.61836910 1073.07541074 -257.02661904 104.25005322 0.09653507 -0.17866917 -0.20371210 0.95773675
1654231897.95291305 1074.92466062 -257.87666497 104.82430967 0.09560342 -0.17855164 -0.20787213 0.95695793
1654231898.28545809 1076.77693767 -258.75238333 105.39388115 0.09657245 -0.17853775 -0.21097686 0.95618345
1654231898.62365007 1078.59444324 -259.61544300 105.95773279 0.09609345 -0.17852754 -0.21545717 0.95523409
1654231898.95032310 1080.45673362 -260.53573481 106.51007419 0.09802174 -0.17987972 -0.21889082 0.95400306
1654231899.28218389 1082.29386912 -261.46621559 107.06194061 0.09980421 -0.18053728 -0.22205648 0.95296187
1654231899.61477208 1084.14799342 -262.42292600 107.63432384 0.10011017 -0.18019523 -0.22475884 0.95236080
1654231899.94452691 1085.99981709 -263.39386174 108.21283228 0.09867521 -0.17997456 -0.22805124 0.95176940
1654231900.28199697 1087.83835521 -264.37278303 108.80367064 0.09533969 -0.18006903 -0.23249130 0.95101697
1654231900.61701107 1089.71071300 -265.38431005 109.39217678 0.09446132 -0.17990005 -0.23540545 0.95041954
1654231900.95264292 1091.58289383 -266.41027568 109.98079502 0.09335860 -0.18018826 -0.23760629 0.94992611
1654231901.28657699 1093.45868772 -267.43954943 110.56756349 0.09340353 -0.18013315 -0.23993675 0.94934619
1654231901.62039995 1095.35654483 -268.50032982 111.15936801 0.09344687 -0.18012414 -0.24196037 0.94882989
1654231901.95024300 1097.27383199 -269.58050825 111.75803062 0.09186108 -0.18037780 -0.24339389 0.94856987
1654231902.28494692 1099.21211256 -270.68218516 112.36504779 0.09169113 -0.18054314 -0.24443109 0.94828812
1654231902.62443590 1101.16248640 -271.79470825 112.97360030 0.09108747 -0.18120267 -0.24560354 0.94791749
1654231902.95231295 1103.08355410 -272.89738691 113.54283965 0.09134966 -0.18397981 -0.24608317 0.94723268
1654231903.28394198 1105.04885496 -274.01654228 114.15457263 0.09149248 -0.18609164 -0.24659970 0.94667186
1654231903.61893606 1107.00517367 -275.13859783 114.76918599 0.09238515 -0.18864322 -0.24657989 0.94608513
1654231903.95450497 1108.94071511 -276.25881217 115.39639760 0.09211210 -0.19066667 -0.24700286 0.94559567
1654231904.28670692 1110.88368354 -277.37564805 116.04131278 0.09218263 -0.19203483 -0.24744962 0.94519505
1654231904.61794400 1112.82502476 -278.49856108 116.70318235 0.08976740 -0.19300276 -0.24823489 0.94502444
1654231904.95155311 1114.80403298 -279.60965016 117.40257267 0.07296577 -0.19569592 -0.25236380 0.94482359
1654231905.28762007 1116.76819277 -280.76047002 118.10551796 0.07129112 -0.19709711 -0.25251494 0.94461977
1654231905.62347007 1118.75064890 -281.92444515 118.81108959 0.07119229 -0.19961609 -0.25164216 0.94433114
